100
3 8
5 6 9 4 8 2 1 7
3 1
2
3 10
2 4 8 16 32 64 100 100 100 100
3 10
1 4 4 4 4 4 4 4 4 4
100 1
100
3 5
11 20 60 22 100
2 10
100 100 100 100 100 100 100 100 100 100
3 5
100 100 100 100 100
3 4
1 6 12 49
2 6
9 64 19 16 81 80
1 10
100 100 100 100 100 100 100 100 100 100
1 10
1 1 1 1 1 1 1 1 1 1
1 2
29 36
5 7
59 31 26 1 27 27 55
2 4
24 93 6 65
13 5
41 70 77 26 7
20 1
6
7 4
40 24 1 32
1 8
68 10 52 1 4 14 97 10
1 5
3 21 16 7 34
9 7
15 63 4 22 50 13 45
9 3
2 53 7
15 6
54 1 4 9 66 58
11 5
5 33 24 62 13
4 3
7 16 84
19 3
61 61 12
3 7
3 98 16 47 93 34 89
12 4
5 13 23 30
23 8
5 8 99 61 17 44 6 22
2 9
31 23 1 1 83 49 11 94 9
18 4
8 17 94 5
17 5
19 4 55 78 90
4 6
46 76 2 11 72 61
14 3
8 85 32
1 4
48 21 34 1
7 1
70
1 6
4 27 37 61 87 10
4 2
12 55
24 5
74 43 44 96 7
7 9
35 83 1 2 26 32 68 5 97
16 2
99 6
1 7
82 67 68 1 3 6 1
10 6
2 31 4 1 13 42
10 4
3 7 24 92
20 6
68 75 33 29 2 4
12 7
22 72 92 36 86 60 72
22 3
5 6 13
7 7
48 1 7 26 6 42 27
18 8
86 25 41 80 1 32 11 4
4 8
3 5 12 1 67 92 1 49
1 5
17 17 1 26 65
16 7
62 13 5 53 38 7 30
22 8
56 52 47 13 95 66 73 17
16 8
15 57 76 26 7 70 5 1
4 7
24 25 12 8 92 13 20
24 7
59 8 7 32 26 17 73
1 6
93 1 9 65 65 82
4 3
30 10 19
7 7
59 62 12 1 33 95 42
3 5
33 23 18 59 9
12 7
8 17 49 32 91 29 57
24 3
85 96 1
1 1
18
1 6
4 6 81 1 62 26
5 1
59
19 6
32 3 38 92 88 2
12 3
75 25 1
1 6
1 64 54 15 8 23
12 9
1 14 1 29 2 42 75 29 8
1 3
28 5 19
19 3
27 81 6
3 6
99 5 7 51 18 41
1 8
24 5 1 74 51 9 61 4
2 6
6 36 47 6 9 30
3 3
3 1 49
22 7
3 6 17 2 35 89 64
4 5
84 62 42 3 4
3 4
1 1 9 15
9 5
76 74 6 59 92
20 3
42 2 16
8 3
1 1 1
14 7
5 19 1 77 20 8 5
9 9
31 14 30 8 78 41 14 9 2
1 1
31
1 5
17 12 81 1 71
1 4
1 2 49 1
2 8
1 99 89 63 19 69 5 39
25 4
23 14 86 2
11 2
3 60
3 2
17 1
11 4
72 76 29 47
17 9
36 13 1 88 3 45 22 5 12
5 4
29 44 1 74
1 9
54 22 18 34 6 55 4 95 2
12 5
62 5 18 53 9
5 8
98 3 5 97 4 17 14 71
24 3
32 5 26
8 4
41 85 31 79
4 6
25 3 7 73 62 93
9 5
1 29 45 84 7
