100
17 6 0
13 -1 3
11 3 1
12 4 0
14 9620 7438
10 -3 1
10 1628 0
10 4 0
4 -1 1
6 1 1
19 9099 6467
4 1 1
11 -1 3
20 -2 4
12 9859 4351
17 -2 2
20 1 1
10 0 0
17 0 0
13 0 4
14 0 2
13 1 3
1 1 1
12 -4 0
4 0 2
19 -3 1
1 1 1
3 0 0
6 4 0
4 -2 0
6 3 1
19 5 1
7 0 3204
20 9895 4343
5 0 2
14 -2 0
1 0 0
20 3 3
18 -8374 0
20 1 1
2 -3480 0
11 4 0
6 -3 1
5 0 2
16 0 4
5 -60 0
16 0 0
13 -2 0
7 -2 2
8 2483 5813
13 4 0
9 0 0
10 -4 0
4 0 0
1 0 2
4 -464 0
10 -1 3
12 2 0
11 4 0
2 0 0
13 -3 1
7 0 0
19 -1 3
2 8027 6363
19 0 0
1 0 2
12 3 1
5 5107 5631
3 2 0
11 1 3
18 0 7556
2 2 0
4 0 0
5 -2 0
10 7201 747
18 -2 2
10 2 2
3 -2 0
6 0 2
10 4 0
17 -6 0
5 -1 1
5 0 4
15 -4 0
11 0 2
9 0 702
10 -4 0
13 0 2270
1 0 0
18 -4808 0
11 0 2
4 2 0
3 1 1
3 2 0
1 0 2
10 4 0
18 -1 3
5 0 4
15 2 2
4 0 2
