100
18 0 4
4 0 2
19 3238 0
10 0 5438
5 -2 0
12 2977 9029
13 2 0
20 3 3
3 -6548 0
5 -4 0
8 4 0
15 -2 0
20 -4 0
1 0 2
7 -2 0
1 2 2
18 -1 1
20 7218 6066
5 0 2
6 1 1
12 -1 1
3 1 1
20 2 0
15 4868 4764
12 2 0
1 0 0
1 0 0
15 0 4
17 0 0
17 -2 2
9 4 0
6 3568 5916
19 -2 0
3 1 1
20 -2 2
2 0 0
12 -4 0
17 -5 1
1 0 0
3 1 1
16 -5 1
10 4 0
9 2282 4420
10 3 1
11 0 0
14 0 4
19 892 780
13 0 0
6 2 0
6 -2 0
16 -1 1
13 0 9632
19 2 0
15 -5202 0
5 0 4
14 -4 0
5 -1 1
12 3 1
19 -9562 0
4 1 1
5 -4940 0
11 -2 0
4 1 1
1 0 0
5 -1 1
1 -2 0
3 -1 1
19 -6 0
17 -2 2
9 4 0
9 -2 2
16 0 2
8 0 4
2 7523 8391
1 0 8688
19 -2 2
13 2 2
1 0 2
11 -4 0
5 0 4
10 2 0
11 3 1
19 1626 0
10 -3 1
7 -4 0
15 0 4
7 -4 0
6 0 2
6 4 0
10 0 0
9 2 0
9 2 0
5 1 1
14 3668 2014
14 1 1
1 0 2
11 2 2
3 2 0
17 5537 8789
10 -4 0
