1 0 0 1
2 0 0 1
2 2 0 0.5
3 0 0 1
3 2 0 0.75
3 1 1 0.25
4 0 0 1
4 2 0 1
4 1 1 0.5
5 0 0 1
5 2 0 1
5 1 1 1
6 0 0 1
6 2 0 1
6 1 1 1
6 0 2 1
7 0 0 1
7 2 0 1
7 1 1 1
7 0 2 1
7 4 0 0.5
8 0 0 1
8 2 0 1
8 1 1 1
8 0 2 1
8 4 0 0.75
8 3 1 0.25
9 0 0 1
9 2 0 1
9 1 1 1
9 0 2 1
9 4 0 0.875
9 3 1 0.5
9 2 2 0.125
10 0 0 1
10 2 0 1
10 1 1 1
10 0 2 1
10 4 0 0.9375
10 3 1 0.6875
10 2 2 0.3125
10 1 3 0.0625
11 0 0 1
11 2 0 1
11 1 1 1
11 0 2 1
11 4 0 1
11 3 1 0.8333333333333
11 2 2 0.5
11 1 3 0.1666666666667
12 0 0 1
12 2 0 1
12 1 1 1
12 0 2 1
12 4 0 1
12 3 1 1
12 2 2 0.7
12 1 3 0.3
13 0 0 1
13 2 0 1
13 1 1 1
13 0 2 1
13 4 0 1
13 3 1 1
13 2 2 1
13 1 3 0.5
14 0 0 1
14 2 0 1
14 1 1 1
14 0 2 1
14 4 0 1
14 3 1 1
14 2 2 1
14 1 3 1
15 0 0 1
15 2 0 1
15 1 1 1
15 0 2 1
15 4 0 1
15 3 1 1
15 2 2 1
15 1 3 1
15 0 4 1
16 0 0 1
16 2 0 1
16 1 1 1
16 0 2 1
16 4 0 1
16 3 1 1
16 2 2 1
16 1 3 1
16 0 4 1
16 6 0 0.5
17 0 0 1
17 2 0 1
17 1 1 1
17 0 2 1
17 4 0 1
17 3 1 1
17 2 2 1
17 1 3 1
17 0 4 1
17 6 0 0.75
17 5 1 0.25
18 0 0 1
18 2 0 1
18 1 1 1
18 0 2 1
18 4 0 1
18 3 1 1
18 2 2 1
18 1 3 1
18 0 4 1
18 6 0 0.875
18 5 1 0.5
18 4 2 0.125
19 0 0 1
19 2 0 1
19 1 1 1
19 0 2 1
19 4 0 1
19 3 1 1
19 2 2 1
19 1 3 1
19 0 4 1
19 6 0 0.9375
19 5 1 0.6875
19 4 2 0.3125
19 3 3 0.0625
20 0 0 1
20 2 0 1
20 1 1 1
20 0 2 1
20 4 0 1
20 3 1 1
20 2 2 1
20 1 3 1
20 0 4 1
20 6 0 0.96875
20 5 1 0.8125
20 4 2 0.5
20 3 3 0.1875
20 2 4 0.03125