100
1 19 1
16 1 13
3 3 5
12 1 12
4 4 10
18 1 1
2 10 10
3 6 4
5 4 14
1 4 4
5 4 10
2 2 3
2 1 1
1 13 12
14 1 7
1 18 9
6 2 6
1 11 8
1 1 1
1 16 7
4 4 10
4 4 14
9 1 7
10 1 9
1 18 11
1 15 11
1 16 2
6 2 6
18 1 4
8 2 7
8 1 2
1 12 4
6 3 18
6 3 4
3 5 13
2 8 13
14 1 6
1 2 1
1 4 4
1 7 2
1 5 5
3 5 8
1 3 3
4 4 12
1 5 5
3 4 1
4 5 14
7 2 9
3 3 9
2 9 15
1 16 14
3 1 2
1 12 11
6 3 11
5 4 10
5 4 10
1 12 12
2 9 2
8 2 5
2 2 2
4 2 8
1 11 11
6 1 5
12 1 6
4 5 16
6 2 6
4 3 10
3 6 9
2 6 2
1 11 3
17 1 16
5 2 8
2 5 1
2 2 3
5 1 4
1 4 2
2 3 5
9 1 5
18 1 8
10 1 4
3 3 6
2 7 13
3 6 2
5 4 4
1 13 7
1 14 2
5 1 5
3 4 6
1 6 2
2 5 3
8 2 1
6 2 4
2 7 12
2 7 14
3 4 11
2 5 7
10 1 5
5 3 5
3 6 5
1 3 1
