100
0 1
549591 435717
-195231 -85545
-833038 -321375
-823622 482366
883875 970499
788147 525743
-1000000 -1000000
649477 382263
-200817 670893
-515112 -52226
845142 369886
-133286 608492
-484436 0
193878 179802
618995 -328028
-714386 586544
-263993 -192933
852727 369007
261026 543456
382727 629026
-2 -1
-246780 -409382
312248 602224
-580490 480118
-28770 993444
531769 -730876
467104 566673
1 1
-734831 -733412
1 -1
521453 -120568
-384075 -207206
-385127 465409
0 849213
510578 914963
-431485 -67288
-197348 -736687
401984 -445327
308505 0
-966526 164974
236668 66021
-1 -1
936713 -22560
-642242 533305
60342 -221526
0 77076
1 0
-262846 964904
-164706 51913
257437 45660
169338 -273104
87570 729954
910152 -547442
851336 -736490
38317 0
1 -2
608485 541286
487385 431317
-1 0
-669995 549905
99839 -824
632015 -9301
543663 22653
-225621 -410120
-2 0
-1 -2
0 -238782
-727721 339991
-1 1
-733621 -547423
10077 930088
814052 885383
-156475 730877
308504 0
376491 -171946
569967 -426322
-2 -2
-427774 522606
0 -2
-506714 686012
1000000 1000000
-2 1
-791378 0
193877 179802
-123401 -956293
400872 -192146
-574707 -924900
-341897 -255671
-247968 -843117
729719 -586739
696899 -41027
-996 578627
-947603 65115
-374885 -549882
0 -1
220959 -115200
912506 427537
814975 491109
870131 -945146
