3 40
1 15
1 18
2 3
2 6
2 10
2 15
2 18
3 5
7 3
3 10
3 12
3 15
3 16
4 9
4 11
5 3
5 7
5 12
5 13
5 14
5 17
6 2
6 10
6 18
7 13
15 7
7 16
8 13
8 15
9 11
9 17
11 12
11 17
12 17
13 14
13 15
13 17
14 17
16 15
15 18

3 42
1 15
15 1
1 18
2 3
2 6
2 10
2 15
2 18
3 5
7 3
3 10
3 12
3 15
3 16
4 9
4 11
5 3
5 7
5 12
5 13
5 14
5 17
6 2
6 10
6 18
7 13
15 7
7 16
8 13
8 15
9 11
9 17
11 12
11 17
12 17
13 14
14 13
13 15
13 17
14 17
16 15
15 18

5 40
1 15
1 18
2 3
2 6
2 10
2 15
2 18
3 5
7 3
3 10
3 12
3 15
3 16
4 9
4 11
5 3
5 7
5 12
5 13
5 14
5 17
6 2
6 10
6 18
7 13
15 7
7 16
8 13
8 15
9 11
9 17
11 12
11 17
12 17
13 14
13 15
13 17
14 17
16 15
15 18

19 41
1 15
1 18
2 3
2 6
2 10
2 15
2 18
3 5
7 3
3 10
3 12
3 15
3 16
4 9
4 11
5 3
5 7
5 12
5 13
5 14
5 17
6 2
6 10
6 18
7 13
15 7
7 16
8 13
8 15
9 11
9 17
11 12
11 17
12 17
13 14
13 15
13 17
14 17
16 15
15 18
19 19

8 43
1 15
1 18
2 3
2 6
2 10
2 15
2 18
3 5
7 3
3 10
3 12
3 15
3 16
4 9
4 11
5 3
5 7
5 12
5 13
5 14
5 17
6 2
6 10
6 18
7 13
15 7
7 16
8 13
8 15
9 11
9 17
11 12
11 17
12 17
13 14
13 15
13 17
14 17
16 15
15 18
19 20
20 21
22 22

0