A 12
4 0
6 1
7 3
6 4
2 5
1 4
0 3
1 1
2 0
2 3
3 2
5 3
B 8
1 0
3 1
5 2
3 5
2 5
0 2
2 3
3 2
C 13
1 1
1 2
3 4
4 2
2 4
1 0
3 1
5 2
3 5
2 5
0 2
2 3
3 2
D 18
1 2
2 4
4 2
4 3
5 1
6 3
4 0
6 1
7 3
6 4
2 5
1 4
0 3
1 1
2 0
2 3
3 2
5 3
E 100
225 6
21 36
209 60
222 153
41 147
82 248
142 204
72 140
245 69
183 162
8 249
107 69
252 243
101 138
56 73
201 25
79 222
61 33
27 27
186 68
174 13
60 60
217 133
201 207
202 128
113 211
121 220
24 117
208 125
255 8
198 201
34 22
167 95
55 194
123 241
7 41
254 67
102 216
200 47
167 147
175 24
102 40
244 126
158 196
252 157
205 194
102 239
216 14
78 15
208 201
1 215
243 255
27 89
215 227
136 126
118 55
150 220
95 139
91 253
79 87
155 28
25 1
11 242
15 90
1 224
35 2
183 22
2 210
111 217
182 247
88 44
46 238
9 142
121 100
139 201
187 38
229 212
40 241
198 55
75 200
23 110
202 207
133 204
161 244
166 87
236 254
132 26
236 141
168 102
241 52
47 172
90 20
128 130
5 71
186 80
15 209
191 217
160 68
166 66
56 76
F 200
143 254
16 62
331 226
89 153
310 197
367 95
59 294
204 57
93 19
267 97
258 132
213 358
163 206
45 372
340 394
66 36
248 82
50 132
261 139
237 171
337 204
218 348
51 22
5 96
393 224
193 203
309 6
161 72
164 206
396 104
153 62
140 1
144 190
85 357
330 322
128 219
79 298
167 82
321 124
178 314
349 371
118 210
377 279
282 141
38 278
197 191
340 290
192 36
32 230
394 314
104 74
133 183
373 252
265 246
329 43
160 230
366 278
40 343
110 322
36 148
200 234
339 92
124 83
128 108
265 74
23 370
101 156
105 26
361 371
272 290
366 32
72 333
263 112
228 325
34 217
73 186
51 364
278 127
399 358
235 265
385 258
235 86
367 340
64 280
263 336
122 182
320 194
67 183
258 295
108 292
64 133
30 115
49 260
194 49
170 382
266 155
192 101
193 111
393 257
343 209
145 65
343 66
211 10
249 69
257 310
313 322
395 343
389 45
155 184
46 326
118 312
33 310
365 227
22 310
36 317
119 134
383 62
200 146
24 1
168 282
263 81
204 259
377 145
256 132
329 302
58 399
166 92
310 131
271 284
41 259
201 113
393 136
127 193
235 152
147 3
386 10
84 142
269 61
287 77
146 169
331 156
168 97
248 30
228 71
266 222
331 20
287 276
108 366
22 343
70 169
346 56
179 383
150 1
396 38
78 142
159 10
299 279
59 99
310 240
171 128
62 54
148 301
330 257
267 352
152 338
73 99
346 253
82 97
206 78
135 236
173 246
198 72
125 258
123 35
98 294
164 112
300 264
13 231
73 232
135 226
170 209
277 117
14 311
166 172
341 253
8 114
99 207
138 224
17 262
260 115
108 376
227 9
192 192
192 266
24 327
44 147
88 321
216 102
232 382
226 173
X 0
