100
2 1
58726
50231
1 2
8 18
24501
18443
53240
28847
66195
37175
98501
46501
2 7
7 8
6 8
1 2
2 6
1 3
3 5
1 4
5 6
1 7
6 7
4 6
4 8
5 8
3 4
5 7
2 4
2 5
5 7
92486
90079
34333
36488
86833
2 3
3 4
2 4
1 2
1 4
2 5
1 3
6 13
91064
66522
52255
51909
96578
91910
1 6
2 5
1 5
2 4
1 4
2 3
5 6
1 3
2 6
1 2
3 4
4 5
3 6
1 0
58835
4 3
45370
64150
19957
51628
1 4
1 2
1 3
6 6
32476
91801
53696
19395
11084
51493
2 4
3 5
1 3
1 2
4 6
4 5
6 6
10001
10002
10003
10004
10005
10006
1 2
1 6
2 3
2 4
3 5
4 5
6 5
10001
10002
10003
10004
10005
10006
1 5
1 2
2 3
2 6
4 6
3 2
27807
74573
81589
1 2
1 3
4 5
66013
20794
80527
59597
1 3
2 4
1 2
3 4
2 3
4 5
46042
16061
44254
96458
1 3
1 2
3 4
1 4
2 4
7 6
70563
38776
21172
66485
37511
10626
76014
1 3
1 6
6 7
1 2
3 5
3 4
5 4
10001
10002
10003
10004
10005
1 4
1 3
3 5
2 5
1 0
84384
3 2
52055
66729
62266
2 3
1 2
1 0
84361
7 6
46312
55799
31428
56514
71393
71995
46591
3 5
5 7
3 4
2 6
2 3
1 2
8 23
16749
93222
15078
94220
57297
69367
72829
70433
1 4
4 7
1 7
2 8
6 8
1 5
3 7
1 2
5 6
4 8
2 5
5 7
7 8
3 4
1 8
3 6
3 5
5 8
1 6
4 6
4 5
2 7
2 3
5 7
73575
14345
57752
83935
73302
1 4
2 3
1 2
3 4
2 4
3 5
1 3
2 1
56810
77376
1 2
2 1
77941
46124
1 2
1 0
37796
4 3
10001
10002
10003
10004
1 2
1 3
2 4
2 1
26784
70919
1 2
1 0
40844
2 1
93582
75230
1 2
1 0
37862
1 0
51806
5 6
10323
65981
29143
25389
24573
1 3
1 4
1 2
2 3
2 5
4 5
4 5
61184
19513
26416
75101
2 3
3 4
1 3
1 2
1 4
2 1
99391
17125
1 2
8 17
36332
38904
64430
90319
41044
38276
89786
17959
2 6
4 5
1 7
1 3
6 7
2 4
1 6
1 2
2 8
5 6
3 4
2 7
6 8
3 8
3 6
4 7
5 7
3 2
50993
53885
16313
1 3
1 2
8 20
81383
95640
16577
83084
50076
24697
53846
43910
4 7
1 5
4 5
3 5
5 8
1 4
2 7
4 8
1 6
5 7
3 8
2 6
3 4
3 7
1 2
1 8
7 8
1 3
2 4
1 7
8 9
10001
10002
10003
10004
10005
10006
10007
10008
1 3
3 5
5 7
1 7
2 4
4 6
6 8
2 8
3 4
7 11
78849
62216
23807
62577
58434
18651
78725
4 7
3 5
2 6
1 2
4 6
2 3
3 4
3 7
1 4
1 6
3 6
4 4
69285
31565
56791
41060
1 2
1 4
1 3
2 3
3 2
63636
74406
67276
1 2
1 3
1 0
60524
1 0
64703
8 12
63391
73480
72447
38621
90662
77121
85013
61430
1 3
1 2
4 5
6 7
3 6
4 6
1 6
2 6
3 4
4 8
5 8
3 5
7 9
80514
42474
89016
91432
37017
20242
70587
4 6
1 2
1 3
3 7
3 5
2 5
6 7
2 4
2 7
5 5
10013
80567
12931
91445
23936
1 3
3 5
1 2
1 4
2 3
5 5
41169
87857
78921
65799
54599
1 3
1 4
1 5
3 4
1 2
4 3
79360
86302
56103
95669
1 2
2 3
2 4
1 0
93023
6 7
10001
10002
10003
10004
10005
10006
1 2
2 3
1 4
4 5
3 5
3 6
2 6
7 20
66423
78040
51717
24830
44770
13983
53228
1 6
1 2
3 5
2 7
6 7
3 4
1 3
2 3
4 5
4 6
4 7
1 7
2 4
5 7
2 6
1 5
2 5
5 6
3 7
3 6
6 6
10001
10002
10003
10004
10005
10006
1 2
2 3
1 4
4 5
3 5
3 6
2 1
18956
83231
1 2
8 11
98944
49420
62876
21521
48379
89817
39398
99506
2 8
1 6
4 8
7 8
1 2
1 4
1 8
1 3
2 7
6 7
1 5
1 0
68439
4 5
71157
19914
22155
55792
2 4
2 3
1 4
1 3
1 2
5 7
88190
31226
72803
65034
94934
4 5
2 3
1 2
2 4
1 3
1 5
3 4
6 9
50328
26989
53450
97871
84989
58353
2 3
5 6
1 4
1 5
1 2
2 5
3 4
4 6
1 6
2 1
53902
73516
1 2
1 0
22061
8 25
92147
24051
26014
92509
86424
43846
76893
64310
2 4
4 8
5 7
3 7
5 6
6 8
6 7
3 6
2 3
2 7
2 8
1 8
3 5
1 5
1 6
3 4
1 2
1 4
4 5
4 6
2 5
1 3
5 8
4 7
7 8
3 2
38823
24523
74710
1 3
1 2
2 1
32729
64562
1 2
3 2
14399
78828
24321
2 3
1 2
3 2
64416
23611
73045
1 2
1 3
2 1
10001
10002
1 2
2 1
55980
79946
1 2
1 0
52841
3 2
10001
20000
10000
1 2
2 3
8 28
10001
10002
10003
10004
10005
10006
10007
10008
1 2
1 3
1 4
1 5
1 6
1 7
1 8
2 3
2 4
2 5
2 6
2 7
2 8
3 4
3 5
3 6
3 7
3 8
4 5
4 6
4 7
4 8
5 6
5 7
5 8
6 7
6 8
7 8
6 14
22151
75674
96471
68579
45555
99562
1 2
1 4
2 6
2 5
1 5
5 6
1 3
1 6
2 3
3 4
3 6
2 4
3 5
4 6
1 0
54011
7 18
95683
60565
89222
76745
98230
53468
97212
1 2
3 7
1 4
2 4
4 6
4 7
5 6
3 4
1 3
2 5
2 6
1 7
1 5
2 3
6 7
3 5
5 7
3 6
7 16
77855
85876
53959
69291
24340
47542
56096
1 5
1 7
5 7
1 2
3 6
4 6
1 4
2 3
3 7
3 5
3 4
2 7
6 7
2 4
1 3
1 6
6 6
17564
76028
78226
17414
29025
64366
2 3
4 6
2 4
3 5
1 2
1 3
8 13
10001
10002
10003
10004
10005
10006
10007
10008
1 3
1 5
1 7
3 5
3 7
5 7
2 4
2 6
2 8
4 6
4 8
6 8
3 4
5 4
36642
28444
50012
29651
10953
1 4
2 3
2 5
4 5
6 10
71857
41670
38529
46765
92671
34315
1 3
2 3
3 6
1 5
4 6
4 5
1 2
2 4
5 6
2 5
3 2
56877
58240
77481
1 3
1 2
1 0
29498
1 0
27278
4 5
19242
44215
83725
37628
1 3
1 2
3 4
2 3
1 4
5 6
20172
94343
30877
21315
23903
3 5
2 5
2 3
2 4
3 4
1 2
2 1
84334
75598
1 2
1 0
10001
3 2
28615
42012
20655
1 2
1 3
7 15
38450
40761
76737
57594
62502
97662
52224
1 2
5 6
3 6
5 7
4 5
2 4
3 7
3 4
1 4
3 5
1 5
4 6
2 6
4 7
2 3
8 27
73457
42018
17344
50988
19412
18012
97318
38132
1 4
1 8
1 7
5 8
3 8
6 8
3 7
5 6
4 5
2 3
3 4
1 5
2 6
4 6
1 2
7 8
2 7
2 4
3 6
4 7
6 7
3 5
2 5
5 7
1 3
1 6
2 8
3 2
16305
22140
76656
1 2
1 3
3 2
31460
37869
79732
1 2
2 3
8 10
81292
41982
59221
79544
35292
10707
22425
24740
1 6
3 6
2 7
4 7
1 3
1 4
5 8
4 5
5 7
1 2
5 6
10001
10002
10003
10004
10005
1 2
2 5
3 5
1 3
1 4
2 4
1 0
78404
5 5
36642
28444
50012
29651
10953
1 2
1 4
2 3
2 5
4 5
2 1
45551
60171
1 2
6 10
71309
58703
75414
17800
85130
74941
2 5
2 3
3 4
5 6
1 5
1 2
4 5
1 3
2 6
1 4
6 12
53304
84404
23131
23586
82573
17045
3 5
1 2
1 6
2 5
3 6
4 5
1 4
5 6
1 5
2 3
2 6
2 4
6 10
68818
55672
21652
49464
97467
49364
4 6
5 6
1 2
2 3
1 4
3 5
2 4
2 5
2 6
4 5
3 2
99348
82509
18425
2 3
1 2
6 12
70065
81474
32747
36979
37687
35040
3 4
1 6
1 2
3 6
3 5
1 4
4 5
5 6
2 3
2 4
1 3
4 6
4 4
10001
10002
10003
10004
1 2
1 3
2 4
3 4
5 8
84787
46356
90553
46546
36094
1 2
3 5
2 3
1 5
3 4
2 5
1 3
1 4
