44 166.62922384771372
30 328.8163463182887
6 2229.073394217991
37 131.32445316850993
33 796.1183407692982
43 443.302439445639
18 1488.7825761889762
3 1125.7109768679381
34 1768.0288166795337
10 683.3828140227093
18 1550.3446512738694
9 1965.767275849481
6 1683.0668315023554
40 2709.1548136946544
36 1751.465243482239
34 358.7044524238594
19 1708.1565002212214
12 2174.0281457577235
14 2677.721667537395
11 1531.2657921496852
42 2995.4572866481994
24 587.5130258543047
47 2088.99541301448
41 2070.145619910569
38 205.0789866290551
3 1894.0119541051333
48 221.08823576191762
33 2593.646111177544
43 861.9651857065826
13 1185.583538275645
33 2567.989257992932
21 47.54009966211559
27 2027.4122182372018
41 716.6468801563079
5 0.263395336135952
46 1168.1097665839545
25 515.6937506720886
34 2138.596393617132
33 2825.028892211509
39 405.3289621858952
13 2636.258574791415
9 2622.2941623564516
37 2142.99287566104
24 1349.1586647406466
35 191.97113010593748
27 2286.410309301214
20 2608.0139383461456
38 2451.9236629580073
48 213.86316822895236
18 1099.5785080306102
2 0