999 
1000231 
2000000000000000000000000000000000000000000000000000000000000 
1020030010300130010301000 
991919921999 
19129399999999999999999999999999999999999995193395919359919599931599591995 
95959595959595959595959595959595 
99130132 
20 
1 
7 
3939528501853018609318903680917609817906091809581098609381908509710976509176124125 
89762189721154078504117545351837972799414006058900
46328348474947111121683585242921341680071269527347
31138733670953297257902064864620098214836159891771
83682586533502351448054917906401463655436160031888
80266228272859746231675378939757365731355870072734
57877387351815771847886863464333778126118820201428
30572606006261629550098990519140091317219098064753
30295026976940778299614225626424594046819247212283
38927084980140140325534872360459046228911029496600
39693271478251874369067809163690608419609752663258
39619632913263869535719748471326786705111458632493
79132050032400774536909876203149667547411318949834
28509148212608663632614279769615715450184957245439
63905302343360516508603439034775654757949276490302
06006244458977942121667208794317734938832132956327
08346758297235913776397298658762247648644018139157
88547027545359955071822316663286258609509802145478
76621279299368887060213467839065698575048547287348
16667580451677444586782714006278894986365709526529
76954515631464942774381565404303159609059098963691
0