17658
17034
481
210
166
137
19
16
6
1
10
136
32
23
60
54
47
39
35
50
55
57
59
84
65
61
64
75
66
77
86
126
123
90
87
95
91
100
102
103
120
119
160
145
139
138
140
146
163
165
200
185
178
176
180
194
193
195
204
201
209
425
236
224
221
226
233
228
355
289
258
239
238
244
242
240
249
274
268
260
273
285
278
280
286
317
290
306
303
293
295
302
301
315
349
328
324
323
318
346
340
335
347
409
383
371
356
362
377
376
372
382
384
398
397
395
391
399
400
408
420
414
471
454
433
431
444
441
451
452
455
460
456
479
2500
1848
585
567
529
493
487
509
497
495
496
500
506
522
513
521
543
539
532
536
535
534
537
542
545
550
549
558
553
551
560
578
576
583
913
832
786
686
658
633
630
601
596
590
604
609
608
615
610
628
655
639
636
637
642
647
654
648
684
665
660
677
671
667
672
682
685
777
768
699
762
749
709
708
703
702
739
726
721
714
710
716
737
741
754
751
752
759
757
767
774
772
780
830
790
825
798
796
804
800
814
810
819
826
884
837
859
841
853
854
862
878
905
901
889
893
891
904
906
911
1207
1041
987
942
925
914
917
921
941
937
933
959
956
948
943
945
946
950
979
964
963
976
965
970
995
1012
1011
997
1000
1032
1013
1018
1035
1034
1166
1131
1124
1102
1066
1049
1062
1077
1096
1100
1106
1103
1110
1108
1121
1129
1148
1137
1136
1143
1161
1152
1155
1164
1193
1187
1168
1182
1173
1172
1181
1200
1199
1194
1196
1770
1723
1330
1326
1227
1214
1218
1222
1232
1229
1230
1255
1242
1233
1238
1237
1244
1251
1254
1258
1257
1256
1312
1279
1268
1260
1262
1270
1282
1310
1307
1298
1314
1317
1327
1328
1427
1331
1340
1337
1348
1342
1361
1358
1354
1355
1413
1368
1365
1362
1412
1397
1377
1373
1370
1382
1402
1400
1419
1425
1552
1470
1447
1435
1434
1443
1441
1454
1451
1458
1457
1489
1481
1475
1473
1471
1486
1488
1512
1508
1504
1494
1492
1506
1510
1523
1519
1535
1713
1555
1553
1696
1677
1639
1592
1591
1582
1568
1561
1557
1559
1560
1566
1578
1584
1631
1602
1598
1596
1611
1604
1603
1608
1605
1622
1619
1628
1632
1675
1652
1650
1649
1663
1662
1661
1655
1671
1676
1680
1678
1687
1683
1691
1694
1695
1709
1701
1710
1721
1718
1722
1730
1728
1724
1732
1759
1744
1743
1745
1755
1793
1772
1779
1775
1790
1845
1795
1839
1830
1823
1802
1812
1810
1809
1815
1820
1836
1914
1879
1856
1849
1867
1864
1858
1871
1872
1894
1880
1888
1887
1898
1896
1895
1897
2247
1983
1968
1920
1919
1915
1932
1925
1924
1923
1954
1935
1946
1964
1965
1978
1973
1971
1972
1974
1976
1981
1980
1979
2047
2031
2015
1998
1997
1986
2010
2004
2023
2016
2022
2030
2044
2036
2037
2040
2046
2127
2052
2049
2086
2072
2068
2054
2056
2065
2118
2098
2097
2109
2125
2243
2149
2142
2131
2128
2132
2144
2148
2147
2170
2154
2150
2161
2160
2155
2157
2156
2162
2188
2204
2201
2199
2210
2209
2240
2231
2229
2219
2216
2215
2225
2224
2227
2234
2235
2245
2244
2391
2315
2289
2279
2266
2263
2255
2271
2285
2283
2297
2296
2299
2309
2321
2319
2318
2352
2329
2322
2324
2348
2380
2367
2360
2375
2373
2385
2388
2404
2399
2398
2490
2481
2466
2465
2457
2412
2407
2413
2441
2416
2421
2427
2425
2435
2445
2450
2455
2462
2463
2477
2469
2474
2475
2488
2486
2485
2497
12901
4229
3947
3122
3091
2643
2542
2524
2501
2503
2505
2514
2506
2530
2529
2532
2603
2545
2552
2551
2587
2585
2582
2557
2555
2565
2561
2558
2577
2574
2571
2568
2581
2595
2592
2588
2598
2604
2605
2612
2607
2606
2609
2638
2626
2622
2620
2619
2996
2708
2689
2646
2666
2661
2660
2656
2659
2678
2669
2674
2680
2688
2694
2690
2695
2696
2699
2697
2700
2702
2933
2814
2757
2746
2715
2712
2711
2734
2729
2717
2732
2744
2737
2743
2810
2788
2759
2781
2780
2766
2762
2769
2800
2796
2802
2804
2806
2811
2901
2837
2818
2830
2893
2889
2843
2842
2838
2840
2841
2871
2846
2852
2850
2868
2854
2867
2862
2886
2877
2882
2890
2891
2894
2897
2926
2918
2902
2907
2913
2908
2910
2912
2914
2925
2920
2921
2927
2930
2931
2964
2955
2936
2945
2944
2954
2952
2950
2977
2973
2971
2970
2993
2989
2979
2990
3010
3005
2998
2999
3075
3023
3021
3016
3072
3070
3060
3030
3027
3056
3031
3048
3053
3071
3087
3082
3086
3114
3100
3112
3110
3106
3118
3120
3174
3159
3126
3157
3134
3129
3137
3145
3148
3158
3166
3160
3173
3384
3305
3287
3209
3196
3178
3181
3204
3200
3197
3202
3205
3207
3272
3223
3218
3214
3250
3237
3228
3225
3226
3235
3232
3229
3240
3239
3248
3261
3276
3273
3284
3278
3285
3298
3288
3352
3340
3306
3331
3320
3314
3309
3329
3327
3323
3325
3355
3357
3356
3369
3366
3358
3362
3359
3368
3367
3382
3373
3381
3841
3411
3405
3394
3391
3397
3395
3404
3406
3408
3459
3456
3444
3427
3421
3414
3418
3423
3425
3426
3440
3436
3431
3430
3438
3452
3446
3445
3453
3564
3523
3508
3470
3465
3467
3486
3483
3478
3504
3488
3499
3492
3515
3548
3537
3536
3541
3555
3551
3558
3561
3650
3565
3648
3637
3628
3578
3566
3577
3623
3596
3594
3581
3621
3605
3636
3642
3647
3645
3646
3811
3759
3705
3687
3657
3667
3666
3661
3659
3685
3683
3691
3690
3695
3697
3726
3710
3723
3722
3719
3718
3720
3725
3730
3747
3731
3742
3737
3749
3748
3756
3752
3776
3771
3770
3762
3774
3797
3783
3779
3790
3809
3807
3806
3799
3810
3840
3827
3823
3821
3814
3815
3837
3832
3900
3890
3887
3877
3845
3843
3854
3847
3858
3875
3860
3859
3872
3868
3880
3878
3881
3905
3902
3904
3909
3906
3908
3925
3918
3921
3924
3930
4217
4196
3988
3959
3957
3948
3983
3971
3966
3962
3970
3978
3979
4112
4004
4001
3996
4000
4006
4026
4007
4008
4014
4011
4024
4025
4054
4047
4034
4030
4045
4036
4106
4075
4070
4057
4071
4073
4105
4095
4077
4084
4101
4102
4143
4116
4115
4140
4135
4120
4117
4122
4121
4172
4169
4144
4153
4157
4158
4159
4193
4176
4175
4174
4178
4195
4214
4203
4199
4201
4210
4228
4220
5996
4639
4451
4421
4322
4298
4275
4243
4237
4272
4264
4258
4244
4263
4292
4279
4307
4303
4302
4305
4318
4312
4311
4313
4385
4325
4323
4368
4329
4327
4359
4347
4346
4341
4348
4354
4352
4367
4364
4381
4380
4374
4382
4396
4388
4390
4395
4409
4404
4414
4411
4417
4446
4442
4422
4437
4436
4428
4438
4439
4607
4528
4495
4481
4454
4472
4465
4463
4455
4456
4466
4473
4478
4477
4493
4489
4494
4497
4504
4506
4520
4521
4606
4562
4539
4533
4536
4550
4545
4546
4557
4551
4576
4571
4567
4569
4601
4581
4637
4629
4617
4616
4638
5021
4911
4748
4730
4640
4719
4658
4653
4649
4644
4642
4651
4673
4671
4668
4663
4670
4706
4678
4701
4697
4691
4683
4682
4692
4704
4715
4709
4713
4725
4721
4724
4723
4729
4740
4737
4735
4732
4746
4745
4743
4838
4795
4771
4754
4753
4766
4758
4759
4768
4784
4779
4773
4825
4797
4796
4802
4799
4808
4822
4816
4824
4828
4826
4833
4832
4885
4840
4841
4879
4878
4852
4847
4848
4851
4853
4861
4865
4882
4883
4890
4887
4891
4907
4899
4937
4917
4921
4920
4919
4981
4976
4969
4942
4954
4953
4950
4945
4951
4955
4964
4958
4960
4971
4978
4977
4979
5020
5011
4997
4992
5007
5000
5014
5324
5025
5022
5119
5094
5085
5072
5045
5027
5029
5044
5030
5036
5053
5052
5059
5056
5063
5068
5076
5073
5081
5090
5109
5106
5103
5101
5105
5107
5114
5111
5113
5235
5227
5183
5127
5166
5128
5142
5137
5130
5136
5153
5172
5170
5180
5179
5182
5181
5206
5193
5186
5187
5189
5201
5195
5202
5210
5213
5212
5225
5215
5231
5232
5268
5266
5257
5253
5247
5241
5249
5304
5302
5280
5271
5270
5277
5291
5303
5317
5306
5305
5917
5419
5360
5346
5342
5337
5343
5355
5418
5372
5363
5369
5368
5367
5385
5384
5383
5412
5391
5407
5416
5785
5755
5644
5614
5593
5479
5463
5450
5438
5442
5440
5445
5461
5451
5455
5462
5476
5474
5473
5470
5471
5477
5578
5545
5523
5513
5491
5486
5483
5500
5495
5510
5515
5517
5540
5538
5528
5539
5575
5551
5566
5563
5581
5579
5586
5590
5611
5609
5607
5613
5612
5643
5617
5631
5641
5640
5660
5653
5646
5658
5655
5659
5692
5679
5674
5669
5662
5678
5681
5683
5731
5718
5714
5711
5698
5693
5705
5726
5724
5748
5740
5738
5732
5734
5747
5742
5750
5752
5762
5761
5756
5763
5783
5779
5772
5782
5781
5808
5794
5801
5795
5805
5809
5833
5815
5825
5831
5832
5915
5860
5849
5846
5844
5854
5853
5886
5867
5864
5883
5868
5872
5869
5884
5893
5891
5912
5907
5895
5906
5908
5967
5956
5940
5922
5920
5932
5926
5927
5950
5951
5962
5965
5974
5973
5969
5976
5989
5995
5994
9682
6232
6039
6032
6004
6000
5997
6003
6006
6005
6019
6010
6009
6024
6036
6038
6082
6040
6058
6053
6044
6042
6045
6056
6079
6071
6060
6065
6078
6077
6114
6103
6094
6089
6087
6095
6101
6096
6108
6110
6117
6202
6196
6182
6153
6137
6130
6125
6131
6144
6141
6145
6180
6174
6156
6165
6159
6176
6189
6190
6194
6201
6198
6214
6206
6203
6211
6209
6226
6215
6225
6227
6229
8317
8095
7143
6914
6553
6305
6264
6233
6249
6237
6246
6242
6247
6258
6253
6263
6283
6279
6265
6271
6276
6282
6281
6297
6285
6288
6294
6289
6290
6296
6304
6302
6389
6369
6356
6315
6312
6309
6350
6336
6318
6333
6327
6340
6354
6351
6361
6357
6362
6377
6372
6385
6382
6378
6463
6449
6425
6404
6391
6401
6395
6394
6403
6422
6405
6411
6423
6435
6434
6433
6441
6436
6438
6437
6459
6451
6458
6456
6545
6541
6509
6486
6468
6466
6478
6484
6502
6498
6504
6531
6525
6537
6540
6539
6543
6546
6547
6705
6676
6647
6604
6589
6586
6575
6558
6562
6584
6579
6587
6594
6599
6595
6632
6617
6611
6606
6609
6615
6630
6623
6618
6620
6628
6641
6660
6654
6674
6662
6678
6677
6687
6683
6680
6685
6686
6692
6695
6697
6698
6878
6785
6781
6780
6750
6734
6709
6708
6718
6724
6721
6722
6730
6729
6738
6736
6739
6748
6746
6766
6762
6755
6752
6761
6760
6775
6768
6769
6774
6779
6782
6830
6799
6794
6824
6806
6803
6812
6828
6845
6840
6839
6832
6857
6848
6846
6849
6864
6863
6876
6895
6890
6883
6886
6892
6906
6896
6903
6909
6908
7067
6984
6941
6939
6916
6918
6926
6923
6938
6927
6937
6930
6951
6950
6946
6958
6957
6966
6963
6959
6977
6968
6972
6971
6980
7060
7047
7022
6986
7007
6989
6988
7001
6991
6990
6993
7012
7041
7031
7030
7032
7036
7035
7046
7050
7054
7052
7056
7061
7062
7065
7098
7072
7076
7091
7077
7081
7090
7092
7130
7102
7118
7104
7116
7121
7123
7122
7125
7142
7136
7133
7342
7149
7145
7160
7154
7151
7152
7158
7156
7159
7304
7276
7196
7188
7179
7175
7171
7170
7173
7176
7185
7182
7186
7195
7192
7189
7194
7252
7221
7220
7204
7200
7197
7201
7209
7218
7219
7250
7234
7225
7246
7248
7273
7260
7263
7286
7284
7283
7278
7280
7293
7289
7288
7296
7294
7316
7308
7339
7327
7335
8040
7974
7902
7782
7406
7347
7346
7380
7349
7368
7357
7356
7352
7379
7405
7382
7404
7395
7387
7510
7451
7436
7414
7410
7426
7425
7417
7450
7444
7438
7501
7489
7480
7467
7465
7476
7479
7497
7493
7505
7504
7502
7507
7713
7622
7584
7583
7516
7513
7536
7527
7519
7522
7523
7533
7529
7528
7559
7555
7552
7549
7545
7551
7576
7572
7566
7562
7567
7573
7578
7616
7588
7586
7592
7608
7609
7619
7631
7626
7624
7635
7655
7641
7636
7638
7646
7645
7644
7652
7689
7676
7665
7660
7662
7674
7672
7681
7677
7702
7699
7695
7692
7690
7697
7708
7705
7711
7710
7712
7760
7739
7717
7714
7726
7719
7734
7728
7744
7740
7756
7745
7746
7761
7764
7763
7775
7772
7859
7843
7812
7806
7789
7786
7783
7795
7792
7799
7798
7797
7796
7810
7833
7817
7820
7835
7838
7836
7840
7857
7849
7845
7854
7865
7883
7880
7881
7898
7888
7934
7915
7910
7911
7923
7919
7916
7929
7950
7945
7948
7962
7955
7954
7961
7964
8003
7975
7981
7980
7991
7987
7983
7994
8000
8038
8009
8007
8004
8008
8017
8013
8010
8022
8021
8020
8031
8033
8032
8037
8089
8048
8046
8044
8043
8051
8078
8065
8063
8058
8061
8072
8076
8081
8092
8124
8101
8107
8118
8117
8262
8244
8147
8125
8126
8131
8127
8128
8142
8139
8152
8148
8190
8172
8154
8181
8183
8200
8191
8197
8193
8196
8203
8202
8207
8209
8240
8210
8236
8220
8253
8245
8252
8255
8279
8275
8276
8278
8291
8283
8282
8286
8287
8314
8306
8300
8310
9383
8479
8428
8407
8400
8351
8323
8347
8325
8324
8344
8342
8332
8328
8350
8367
8360
8359
8365
8370
8368
8382
8374
8394
8386
8402
8425
8409
8427
8476
8453
8437
8431
8429
8446
8448
8462
8463
8473
8477
8973
8671
8525
8481
8519
8482
8502
8498
8486
8493
8503
8514
8508
8512
8524
8588
8530
8570
8563
8542
8531
8539
8540
8559
8555
8554
8552
8546
8547
8557
8560
8564
8566
8580
8573
8577
8576
8586
8587
8664
8596
8594
8593
8592
8656
8638
8633
8606
8630
8624
8612
8632
8637
8653
8647
8641
8645
8651
8665
8669
8882
8874
8866
8733
8714
8674
8672
8710
8683
8681
8687
8691
8690
8693
8722
8719
8732
8726
8844
8795
8769
8750
8741
8736
8735
8740
8743
8761
8752
8756
8786
8779
8773
8770
8774
8776
8797
8796
8809
8815
8813
8832
8828
8830
8841
8857
8849
8863
8858
8862
8861
8870
8877
8876
8875
8972
8901
8887
8885
8900
8893
8956
8929
8920
8906
8923
8925
8937
8940
8969
8968
8963
8959
9292
9159
9063
9038
8986
8974
8976
9030
9023
9014
8998
9019
9029
9025
9026
9036
9058
9045
9053
9145
9086
9067
9082
9116
9104
9101
9095
9097
9102
9112
9105
9120
9123
9125
9132
9155
9154
9148
9150
9151
9158
9256
9181
9171
9161
9162
9180
9226
9207
9199
9189
9187
9195
9193
9203
9216
9209
9215
9219
9225
9243
9237
9231
9232
9251
9246
9254
9286
9266
9261
9260
9269
9267
9276
9275
9274
9279
9371
9354
9317
9302
9301
9303
9322
9320
9327
9324
9325
9341
9337
9333
9347
9342
9370
9367
9366
9360
9380
9382
9450
9429
9413
9398
9394
9410
9406
9405
9411
9414
9415
9422
9418
9427
9444
9435
9440
9449
9445
9496
9474
9456
9466
9460
9478
9493
9490
9657
9614
9500
9573
9528
9504
9519
9505
9525
9524
9552
9536
9530
9544
9543
9550
9547
9551
9558
9586
9582
9578
9580
9585
9607
9597
9600
9605
9626
9621
9644
9636
9630
9655
9650
9659
9681
9677
9680
11496
10455
10025
9846
9766
9750
9683
9715
9705
9694
9691
9685
9688
9698
9709
9706
9710
9737
9731
9728
9717
9725
9729
9732
9744
9747
9764
9759
9752
9757
9761
9763
9828
9809
9807
9788
9786
9777
9790
9798
9820
9813
9811
9819
9818
9816
9822
9826
9830
9840
9836
9832
9841
9978
9892
9865
9855
9848
9858
9879
9878
9874
9880
9888
9891
9940
9925
9924
9913
9908
9894
9912
9916
9922
9934
9933
9932
9929
9959
9954
9950
9948
9951
9956
9968
9963
9967
9966
9970
9989
9985
9982
9988
10008
10007
9990
10006
9998
10001
10003
10015
10009
10016
10023
10369
10087
10052
10031
10026
10027
10041
10038
10051
10042
10084
10077
10059
10069
10068
10064
10080
10247
10186
10172
10119
10089
10088
10116
10108
10104
10103
10099
10106
10142
10141
10120
10137
10131
10138
10147
10152
10150
10163
10155
10161
10164
10183
10179
10176
10184
10191
10188
10190
10192
10227
10195
10211
10203
10199
10210
10205
10216
10212
10224
10223
10231
10239
10245
10242
10357
10284
10279
10261
10252
10251
10249
10258
10275
10262
10278
10282
10292
10290
10288
10291
10340
10333
10313
10307
10310
10322
10319
10332
10325
10328
10327
10336
10335
10347
10368
10366
10365
10377
10371
10426
10401
10391
10382
10379
10389
10395
10400
10399
10425
10411
10410
10405
10402
10413
10422
10416
10453
10439
10437
10612
10467
10460
10458
10457
10459
10462
10549
10501
10486
10484
10490
10499
10536
10514
10507
10522
10521
10525
10544
10537
10542
10556
10552
10608
10592
10559
10577
10569
10565
10566
10570
10589
10584
10578
10605
10600
10603
10610
11328
11021
10894
10817
10644
10619
10615
10643
10629
10627
10621
10638
10636
10800
10795
10686
10679
10664
10658
10654
10657
10667
10678
10669
10675
10683
10682
10684
10729
10702
10696
10694
10690
10701
10706
10711
10723
10719
10758
10755
10732
10753
10743
10738
10777
10770
10760
10781
10790
10785
10794
10799
10796
10803
10802
10801
10810
10805
10816
10834
10833
10822
10820
10826
10830
10889
10850
10847
10836
10848
10874
10870
10888
10893
10891
10975
10967
10935
10902
10900
10896
10898
10922
10911
10906
10908
10920
10918
10955
10938
10937
10952
10965
10974
11012
11000
10993
10987
10984
10980
10978
10983
10992
10995
10999
11005
11019
11018
11014
11252
11229
11054
11050
11035
11033
11048
11045
11058
11194
11184
11071
11067
11060
11063
11171
11105
11097
11087
11079
11074
11092
11120
11107
11106
11114
11117
11124
11123
11167
11157
11136
11137
11141
11148
11150
11166
11173
11175
11174
11190
11208
11204
11196
11219
11210
11218
11222
11234
11233
11237
11250
11245
11248
11247
11287
11257
11254
11277
11276
11264
11265
11282
11280
11284
11295
11288
11310
11298
11319
11317
11320
11365
11341
11331
11333
11339
11362
11363
11466
11453
11404
11380
11367
11372
11381
11386
11387
11397
11432
11419
11408
11439
11437
11463
11455
11482
11471
11469
11478
11472
11489
11487
11485
11484
11488
11870
11642
11523
11519
11509
11506
11502
11504
11515
11520
11567
11526
11525
11544
11535
11537
11538
11553
11551
11549
11558
11561
11562
11633
11589
11583
11572
11577
11586
11624
11598
11595
11605
11602
11599
11623
11619
11615
11612
11622
11625
11626
11637
11634
11641
11639
11640
11857
11791
11661
11658
11646
11647
11769
11727
11715
11681
11667
11665
11670
11684
11710
11705
11692
11689
11709
11714
11722
11719
11725
11760
11739
11730
11738
11734
11733
11752
11744
11757
11775
11780
11786
11789
11856
11831
11813
11810
11805
11799
11792
11808
11812
11816
11819
11821
11826
11843
11852
11848
11850
11867
11868
11902
11884
11871
11880
11877
11886
11894
11888
12463
12210
12180
11934
11924
11920
11928
11927
11926
11930
11960
11936
11948
11949
12175
12115
12052
12049
12038
11974
11964
12034
11997
11979
11977
11988
11980
11992
11995
12013
12006
12001
12020
12026
12035
12041
12045
12086
12082
12064
12056
12055
12058
12080
12070
12075
12087
12089
12088
12110
12106
12105
12113
12114
12134
12121
12116
12117
12120
12129
12122
12128
12126
12131
12164
12138
12137
12152
12142
12162
12163
12171
12169
12170
12179
12200
12197
12186
12192
12191
12190
12195
12205
12201
12416
12280
12246
12227
12223
12215
12213
12211
12222
12224
12249
12259
12257
12255
12263
12261
12274
12273
12267
12278
12276
12366
12305
12304
12282
12281
12288
12290
12330
12316
12307
12306
12312
12326
12318
12329
12363
12351
12336
12346
12358
12356
12395
12391
12384
12379
12372
12373
12401
12412
12452
12419
12417
12435
12424
12423
12437
12459
12455
12601
12508
12490
12475
12471
12483
12481
12487
12484
12499
12495
12492
12493
12502
12507
12520
12518
12519
12592
12545
12540
12536
12527
12526
12524
12534
12531
12532
12535
12539
12538
12543
12552
12547
12577
12571
12567
12578
12625
12620
12614
12611
12883
12727
12698
12697
12667
12629
12627
12657
12651
12635
12630
12649
12650
12655
12654
12661
12672
12668
12670
12683
12688
12690
12703
12724
12722
12812
12795
12786
12772
12769
12767
12750
12748
12744
12739
12742
12753
12757
12759
12768
12784
12777
12783
12788
12792
12807
12804
12800
12802
12811
12871
12814
12813
12862
12856
12841
12827
12820
12815
12821
12834
12840
12837
12848
12842
12843
12857
12868
12866
12864
12872
12881
12876
12886
12884
12895
13816
13060
12950
12930
12923
12903
12902
12906
12911
12944
12940
12939
12933
12943
12949
12995
12968
12962
12955
12957
12961
12980
12971
12969
12976
12994
12987
12991
13015
13013
13006
12999
12997
12998
13003
13002
13000
13005
13010
13046
13034
13020
13018
13021
13036
13035
13037
13045
13051
13052
13059
13469
13414
13304
13225
13167
13136
13065
13062
13072
13067
13079
13073
13076
13114
13113
13102
13092
13108
13134
13132
13115
13121
13133
13135
13158
13150
13143
13155
13219
13198
13183
13174
13173
13186
13185
13197
13210
13207
13214
13293
13288
13230
13238
13235
13234
13243
13264
13259
13251
13260
13269
13278
13272
13283
13281
13300
13297
13296
13367
13354
13314
13307
13309
13312
13324
13321
13334
13327
13326
13332
13336
13344
13339
13360
13358
13379
13374
13391
13382
13381
13388
13387
13390
13405
13393
13399
13426
13418
13437
13436
13430
13458
13443
13440
13439
13454
13460
13729
13548
13542
13520
13505
13478
13472
13480
13495
13492
13503
13517
13522
13523
13525
13540
13526
13544
13546
13638
13591
13586
13573
13571
13549
13563
13550
13559
13553
13570
13584
13578
13581
13589
13587
13590
13632
13613
13601
13598
13611
13608
13602
13605
13631
13628
13619
13617
13627
13722
13681
13650
13643
13656
13674
13667
13662
13658
13665
13689
13682
13721
13710
13700
13693
13705
13701
13709
13719
13717
13724
13788
13745
13735
13736
13755
13774
13768
13765
13760
13759
13756
13764
13763
13779
13780
13814
13811
13807
15780
15503
15120
15013
14507
14228
14007
13838
13829
13824
13823
13819
13828
13833
13948
13877
13859
13840
13874
13870
13871
13936
13893
13889
13886
13904
13899
13898
13931
13917
13911
13914
13928
13918
13934
13935
13938
13937
13939
13998
13979
13954
13961
13974
13983
13982
13995
13996
13999
14005
14182
14093
14039
14035
14015
14013
14020
14034
14036
14062
14043
14053
14058
14072
14083
14077
14084
14174
14111
14108
14107
14095
14110
14109
14161
14141
14120
14121
14147
14145
14150
14149
14160
14165
14162
14179
14176
14178
14181
14218
14187
14185
14193
14203
14215
14214
14212
14217
14223
14221
14225
14437
14304
14273
14242
14232
14229
14237
14261
14259
14252
14245
14243
14251
14254
14253
14266
14279
14301
14299
14281
14280
14288
14286
14287
14294
14290
14298
14354
14320
14308
14309
14337
14328
14326
14322
14330
14340
14344
14352
14428
14364
14355
14362
14365
14414
14371
14383
14381
14382
14388
14397
14391
14395
14393
14409
14400
14406
14403
14418
14425
14432
14435
14433
14436
14451
14440
14450
14444
14473
14459
14453
14458
14460
14467
14469
14490
14482
14485
14502
14492
14971
14620
14613
14527
14512
14508
14518
14515
14521
14597
14587
14584
14565
14548
14540
14528
14545
14541
14559
14557
14576
14582
14609
14618
14615
14721
14699
14660
14648
14639
14629
14647
14641
14650
14684
14677
14666
14668
14681
14690
14693
14715
14706
14704
14712
14837
14753
14737
14732
14724
14742
14739
14738
14825
14792
14778
14759
14754
14755
14756
14761
14787
14781
14780
14817
14815
14814
14802
14796
14804
14822
14827
14826
14886
14851
14843
14838
14850
14847
14852
14881
14867
14855
14880
14869
14913
14908
14892
14891
14890
14900
14910
14932
14920
14919
14914
14949
14945
14937
14936
14938
14940
14967
14962
14957
14955
14963
14990
14989
14978
14976
14997
14996
14994
15000
15001
15085
15016
15055
15026
15025
15017
15042
15035
15051
15046
15061
15056
15058
15080
15067
15104
15089
15094
15098
15112
15108
15430
15152
15131
15132
15137
15138
15139
15144
15140
15145
15331
15211
15172
15165
15157
15155
15153
15154
15159
15164
15160
15171
15205
15195
15175
15191
15189
15187
15182
15186
15201
15198
15209
15272
15264
15228
15255
15237
15233
15263
15262
15271
15324
15307
15275
15273
15303
15283
15279
15302
15288
15298
15316
15310
15320
15427
15363
15354
15337
15344
15341
15340
15345
15361
15372
15365
15371
15396
15380
15395
15384
15387
15398
15419
15400
15417
15420
15494
15461
15440
15446
15457
15471
15469
15466
15483
15493
15489
15496
15495
15712
15544
15515
15509
15506
15514
15532
15519
15516
15528
15527
15541
15543
15576
15569
15563
15547
15551
15560
15567
15564
15570
15630
15597
15592
15591
15584
15596
15607
15602
15606
15614
15610
15619
15615
15626
15620
15622
15629
15627
15705
15688
15637
15634
15659
15653
15651
15642
15650
15679
15675
15678
15676
15680
15703
15692
15706
15715
15764
15746
15745
15716
15732
15727
15726
15744
15737
15736
15751
15747
15750
15752
15753
15757
15772
15765
15768
15777
15779
16158
15913
15806
15790
15829
15810
15808
15818
15822
15889
15882
15851
15839
15838
15835
15834
15850
15849
15847
15842
15862
15853
15852
15856
15870
15873
15874
15885
15907
15891
15897
15894
15902
15904
15903
16103
15958
15936
15920
15916
15919
15917
15918
15926
15933
15928
15927
15934
15956
15948
15945
15982
15959
15973
15974
16074
16038
15992
15993
16034
16033
16027
16001
16037
16040
16048
16047
16044
16056
16055
16066
16094
16075
16087
16090
16093
16102
16097
16095
16125
16112
16110
16122
16118
16117
16115
16119
16131
16128
16140
16133
16146
16145
16149
16154
16822
16463
16178
16159
16163
16175
16169
16165
16173
16176
16257
16228
16224
16217
16185
16180
16179
16184
16191
16189
16186
16203
16219
16223
16222
16246
16238
16229
16242
16250
16251
16322
16273
16261
16268
16319
16287
16278
16275
16284
16313
16300
16296
16298
16311
16316
16315
16440
16395
16374
16369
16326
16325
16341
16332
16327
16330
16328
16340
16335
16333
16355
16342
16368
16356
16361
16366
16373
16371
16388
16382
16375
16377
16380
16389
16405
16398
16406
16433
16430
16412
16431
16434
16461
16450
16517
16467
16476
16475
16468
16497
16481
16488
16483
16495
16500
16498
16516
16608
16545
16524
16518
16521
16519
16535
16526
16533
16527
16531
16529
16539
16536
16538
16606
16592
16563
16547
16558
16551
16548
16554
16591
16569
16590
16574
16571
16576
16597
16598
16600
16599
16795
16683
16618
16610
16616
16617
16631
16622
16621
16624
16646
16645
16635
16634
16637
16638
16642
16658
16648
16656
16670
16677
16671
16681
16679
16678
16706
16698
16697
16689
16690
16699
16758
16718
16708
16707
16711
16730
16719
16727
16743
16737
16756
16750
16748
16755
16781
16772
16767
16762
16763
16775
16774
16780
16779
16794
16793
16807
16802
16797
16799
16804
16803
16816
16811
16810
16809
16821
16882
16830
16827
16829
16864
16845
16839
16841
16850
16856
16870
16871
16903
16893
16891
16889
16886
17023
16917
16904
16914
17021
16979
16953
16942
16937
16918
16941
16938
16949
16962
16954
16971
16978
17002
16998
16990
16994
17008
17013
17020
17030
17024
17031
17169
17113
17078
17071
17062
17057
17037
17065
17068
17073
17077
17076
17089
17087
17080
17081
17086
17105
17101
17091
17112
17116
17115
17166
17124
17123
17117
17122
17129
17140
17143
17153
17149
17271
17260
17239
17216
17211
17196
17182
17170
17176
17192
17204
17197
17202
17225
17238
17226
17236
17242
17240
17254
17250
17255
17270
17264
17519
17381
17297
17292
17280
17273
17274
17284
17291
17347
17322
17318
17300
17313
17306
17311
17309
17320
17331
17327
17325
17339
17336
17361
17351
17360
17358
17378
17368
17403
17386
17382
17395
17396
17402
17434
17409
17413
17410
17411
17432
17422
17496
17487
17438
17476
17470
17454
17459
17477
17479
17495
17494
17491
17488
17505
17575
17567
17524
17565
17546
17536
17526
17556
17571
17572
17637
17582
17581
17579
17578
17588
17618
17597
17590
17629
17624
17621
17619
17622
17630
17635
17640
17647
17648
17657
17653
23445
18729
18484
17919
17839
17811
17779
17759
17675
17664
17667
17666
17665
17671
17668
17718
17707
17704
17700
17681
17692
17709
17750
17739
17733
17719
17732
17749
17752
17755
17753
17757
17767
17764
17761
17791
17785
17781
17786
17809
17797
17793
17792
17798
17836
17818
17812
17816
17829
17831
17837
17838
17851
17846
17841
17843
17848
17849
17904
17903
17853
17869
17900
17876
17875
17889
17885
17886
17893
17902
17905
18403
18235
18114
17940
17920
17932
17930
17931
18096
18022
18000
17949
17959
17953
17952
17958
17957
17965
17960
17991
17988
17981
17989
18010
18005
18002
18006
18019
18016
18014
18028
18027
18023
18042
18052
18048
18085
18078
18063
18067
18091
18093
18107
18109
18113
18112
18222
18167
18152
18137
18119
18132
18130
18120
18121
18123
18129
18145
18163
18156
18165
18175
18168
18170
18198
18182
18176
18186
18194
18217
18215
18207
18218
18221
18229
18226
18231
18251
18241
18237
18250
18246
18248
18327
18278
18267
18253
18252
18261
18260
18262
18273
18269
18270
18271
18286
18285
18299
18291
18293
18292
18315
18308
18310
18317
18323
18361
18349
18331
18341
18339
18342
18357
18401
18395
18383
18379
18362
18385
18400
18402
18478
18446
18440
18404
18425
18424
18408
18438
18437
18445
18466
18452
18460
18456
18472
18481
18479
18587
18571
18564
18555
18522
18521
18515
18505
18493
18485
18496
18499
18497
18501
18514
18532
18531
18545
18537
18535
18534
18551
18550
18552
18557
18566
18570
18583
18581
18573
18572
18580
18586
18707
18619
18612
18609
18599
18608
18610
18614
18613
18669
18636
18633
18627
18625
18620
18621
18635
18648
18657
18668
18663
18686
18682
18674
18671
18679
18681
18685
18684
18683
18695
18691
18690
18703
18718
18716
18724
18722
18719
18727
19394
19137
18872
18871
18805
18780
18748
18741
18731
18747
18760
18757
18765
18773
18771
18766
18777
18798
18786
18799
18802
18810
18807
18809
18808
18840
18815
18813
18812
18833
18826
18819
18839
18866
18847
18860
18861
18869
18898
18895
18891
18880
18879
18873
18892
18897
19075
18953
18905
18904
18903
18902
18919
18934
18925
18928
18944
18936
18952
18945
18949
18947
18948
19060
19012
18980
18955
18974
18962
18958
18979
19008
18990
18991
19003
19009
19019
19013
19016
19037
19031
19023
19034
19040
19041
19057
19054
19046
19062
19061
19074
19073
19069
19076
19126
19117
19096
19088
19077
19082
19094
19111
19118
19132
19264
19252
19143
19142
19141
19236
19200
19199
19154
19151
19146
19148
19152
19163
19156
19155
19157
19165
19168
19192
19181
19182
19185
19188
19197
19216
19204
19221
19231
19228
19232
19240
19246
19242
19248
19254
19253
19258
19320
19284
19280
19268
19267
19276
19275
19273
19269
19271
19283
19297
19289
19288
19292
19296
19311
19329
19385
19334
19370
19345
19336
19341
19361
19355
19357
19365
19379
19371
19378
19390
21831
21765
19676
19598
19536
19435
19422
19406
19433
19432
19498
19444
19458
19449
19454
19485
19475
19461
19471
19462
19482
19480
19484
19529
19521
19506
19519
19507
19516
19534
19531
19546
19541
19538
19543
19564
19562
19556
19549
19548
19550
19561
19571
19567
19585
19578
19572
19581
19580
19582
19595
19603
19599
19654
19636
19632
19619
19605
19629
19630
19633
19637
19649
19645
19655
19670
19658
19656
19663
19662
19660
19673
20210
19885
19736
19688
19682
19728
19696
19721
19713
19708
19723
19731
19735
19864
19812
19772
19753
19749
19745
19740
19737
19744
19741
19762
19761
19771
19768
19778
19776
19796
19791
19783
19806
19800
19804
19803
19863
19817
19816
19813
19821
19835
19824
19831
19834
19858
19852
19839
19859
19876
19874
19873
19867
19878
19884
19942
19902
19896
19887
19901
19898
19929
19918
19917
19913
19927
19919
19921
19940
19933
19938
20103
20076
20019
20013
19950
19948
19952
19951
19985
19983
19980
19958
19990
19998
19996
20007
20001
20016
20068
20031
20025
20020
20023
20039
20033
20066
20059
20074
20071
20072
20101
20084
20079
20087
20161
20112
20108
20104
20111
20150
20145
20113
20144
20116
20129
20117
20121
20119
20142
20159
20157
20200
20191
20182
20167
20164
20174
20168
20198
20195
20201
20206
20205
20207
20209
21309
20678
20546
20407
20308
20249
20241
20212
20211
20237
20219
20215
20218
20224
20236
20239
20245
20243
20242
20254
20253
20250
20296
20288
20281
20276
20266
20263
20258
20280
20286
20285
20284
20291
20298
20297
20307
20306
20300
20381
20344
20332
20318
20311
20329
20324
20330
20342
20339
20338
20367
20357
20354
20350
20348
20365
20368
20372
20390
20386
20383
20389
20399
20391
20397
20402
20405
20435
20428
20411
20427
20419
20434
20431
20496
20471
20452
20446
20448
20449
20458
20455
20456
20464
20475
20483
20490
20527
20508
20504
20503
20498
20509
20513
20511
20536
20535
20529
20530
20544
20541
20669
20660
20565
20552
20547
20558
20555
20561
20564
20563
20637
20580
20574
20570
20569
20573
20578
20599
20591
20585
20594
20607
20605
20601
20603
20655
20645
20642
20648
20652
20659
20656
20672
20675
20676
21031
20888
20687
20685
20684
20725
20718
20688
20715
20690
20698
20692
20701
20704
20708
20712
20723
20738
20734
20730
20732
20735
20736
20866
20832
20809
20746
20741
20744
20786
20775
20766
20747
20762
20753
20782
20795
20788
20798
20807
20805
20814
20812
20816
20822
20824
20823
20864
20837
20836
20844
20851
20848
20860
20865
20883
20884
20890
20931
20906
20905
20901
20916
20911
20920
20918
20926
21027
20972
20938
20951
20948
20954
20963
21002
20983
20975
20985
20993
20987
20988
20998
21019
21012
21007
21021
21029
21259
21135
21050
21040
21036
21032
21046
21045
21048
21098
21073
21061
21093
21076
21091
21077
21096
21103
21101
21127
21121
21104
21108
21125
21132
21128
21177
21155
21143
21140
21154
21148
21153
21159
21168
21161
21167
21169
21170
21171
21231
21227
21185
21196
21194
21192
21187
21203
21202
21201
21204
21223
21215
21213
21230
21257
21253
21239
21246
21258
21275
21266
21274
21269
21270
21290
21303
21299
21291
21297
21300
21304
21306
21731
21396
21351
21313
21311
21310
21349
21345
21319
21344
21334
21320
21336
21394
21352
21378
21374
21372
21371
21354
21375
21386
21384
21380
21696
21592
21463
21409
21405
21408
21406
21419
21455
21429
21427
21439
21513
21470
21509
21488
21487
21486
21485
21477
21494
21489
21495
21508
21506
21580
21534
21517
21515
21518
21570
21560
21547
21538
21554
21550
21568
21563
21564
21573
21581
21584
21589
21685
21677
21648
21610
21607
21604
21606
21617
21631
21623
21619
21630
21647
21640
21659
21653
21657
21676
21661
21672
21670
21671
21683
21679
21694
21686
21687
21688
21718
21706
21698
21697
21705
21717
21714
21726
21720
21721
21729
21728
21730
21732
21764
21758
21744
21743
21736
21754
21749
21755
21825
21785
21779
21768
21783
21784
21810
21797
21791
21821
21816
21819
21828
22111
21842
21841
21832
21840
21833
21883
21849
21845
21861
21857
21879
21867
21866
21862
21882
21974
21925
21916
21890
21887
21886
21910
21900
21893
21892
21902
21914
21920
21921
21936
21935
21930
21967
21964
21962
21940
21945
21950
21947
21951
21952
21972
21971
22001
21986
21979
22000
22076
22074
22031
22027
22003
22024
22017
22011
22018
22022
22030
22028
22063
22050
22047
22040
22035
22039
22045
22051
22061
22053
22056
22066
22075
22105
22094
22088
22077
22086
22082
22091
22100
23157
23109
22933
22760
22487
22459
22127
22126
22116
22112
22218
22170
22152
22131
22128
22129
22149
22133
22145
22139
22137
22138
22143
22144
22150
22154
22153
22181
22197
22191
22183
22190
22184
22186
22195
22215
22205
22201
22207
22216
22247
22245
22240
22222
22238
22232
22224
22223
22230
22235
22241
22427
22378
22294
22258
22250
22249
22274
22264
22282
22281
22369
22359
22324
22320
22301
22313
22304
22315
22321
22323
22335
22326
22334
22338
22341
22344
22357
22351
22354
22355
22360
22365
22364
22368
22376
22371
22375
22395
22380
22383
22384
22385
22416
22397
22401
22421
22418
22431
22430
22450
22433
22432
22437
22443
22451
22485
22463
22482
22471
22465
22467
22468
22486
22751
22568
22523
22519
22514
22489
22496
22518
22537
22524
22536
22525
22528
22542
22538
22560
22556
22558
22566
22734
22654
22578
22575
22577
22625
22582
22624
22585
22583
22584
22608
22598
22595
22593
22611
22623
22613
22639
22628
22631
22644
22652
22683
22682
22668
22655
22657
22674
22672
22680
22676
22730
22693
22687
22716
22712
22724
22719
22733
22737
22738
22752
22758
22765
22763
22779
22770
22870
22812
22789
22781
22784
22790
22805
22860
22815
22827
22816
22832
22831
22833
22837
22838
22851
22861
22867
22922
22905
22879
22890
22887
22903
22915
22909
22913
22916
22917
22929
22925
22924
22927
23100
22982
22976
22946
22941
23013
23000
22992
22991
22986
22993
22994
22997
23003
23006
23012
23028
23021
23019
23016
23077
23071
23069
23064
23038
23031
23042
23053
23057
23056
23070
23078
23092
23085
23099
23095
23103
23106
23118
23110
23112
23116
23113
23137
23132
23122
23121
23119
23124
23127
23140
23143
23144
23145
23147
23151
23368
23260
23200
23196
23163
23158
23170
23169
23165
23164
23168
23175
23171
23193
23187
23180
23176
23191
23192
23195
23202
23237
23214
23213
23210
23221
23220
23216
23228
23229
23247
23239
23246
23244
23259
23256
23254
23322
23282
23271
23267
23270
23280
23274
23272
23276
23286
23284
23285
23307
23290
23303
23298
23305
23318
23310
23316
23332
23331
23329
23347
23345
23340
23336
23352
23348
23357
23355
23422
23391
23377
23373
23371
23387
23419
23418
23393
23411
23395
23410
23420
23441
23425
23423
23429
23426
23428
23431
23444
26663
24966
24443
24398
23576
23498
23452
23448
23491
23478
23470
23467
23454
23463
23468
23472
23488
23492
23563
23517
23504
23502
23505
23516
23509
23525
23519
23518
23537
23527
23531
23529
23538
23550
23543
23539
23556
23569
23573
24275
24118
23581
23876
23713
23598
23591
23587
23582
23595
23593
23686
23636
23619
23602
23617
23614
23610
23613
23626
23622
23630
23679
23661
23638
23637
23652
23669
23681
23692
23689
23709
23695
23863
23860
23728
23721
23724
23841
23799
23741
23736
23732
23738
23794
23750
23744
23766
23765
23768
23782
23790
23797
23814
23812
23809
23835
23828
23819
23825
23821
23830
23831
23840
23857
23854
23847
23868
23988
23928
23897
23879
23877
23888
23893
23894
23895
23907
23899
23904
23922
23918
23913
23912
23919
23927
23924
23966
23939
23932
23933
23936
23944
23948
23956
23967
23976
23980
23999
23995
23989
23991
23996
24069
24040
24012
24001
24005
24004
24007
24018
24013
24021
24020
24022
24039
24027
24025
24024
24023
24038
24057
24052
24047
24049
24053
24058
24066
24068
24109
24098
24079
24084
24087
24107
24110
24265
24158
24123
24120
24154
24125
24137
24147
24140
24150
24156
24191
24185
24166
24165
24182
24180
24170
24174
24184
24189
24188
24250
24208
24192
24200
24193
24203
24222
24216
24214
24219
24217
24247
24225
24253
24252
24260
24273
24271
24274
24361
24293
24288
24278
24277
24280
24351
24312
24297
24295
24301
24300
24305
24320
24313
24337
24328
24325
24330
24335
24345
24347
24356
24365
24363
24397
24386
24375
24426
24407
24405
24409
24411
24418
24431
24428
24432
24440
24437
24482
24467
24455
24450
24448
24444
24466
24468
24474
24470
24479
24874
24574
24511
24490
24496
24530
24512
24527
24516
24556
24554
24538
24535
24553
24548
24546
24551
24571
24560
24561
24787
24725
24626
24594
24588
24577
24576
24589
24605
24600
24595
24616
24611
24617
24703
24633
24690
24681
24647
24634
24646
24664
24674
24670
24684
24687
24698
24695
24700
24699
24718
24712
24706
24707
24708
24717
24724
24754
24737
24727
24732
24734
24739
24757
24780
24773
24768
24776
24774
24781
24821
24789
24792
24791
24812
24794
24796
24805
24814
24818
24863
24841
24829
24826
24831
24838
24858
24859
24873
24870
24866
24913
24899
24892
24891
24894
24893
24898
24900
24910
24901
24904
24902
24909
24950
24920
24918
24944
24924
24925
24933
24945
24965
24954
24964
26230
25236
25024
24996
24984
24973
24972
24978
24992
24988
24986
25004
25016
25021
25019
25149
25125
25051
25035
25025
25034
25029
25045
25037
25113
25090
25061
25066
25103
25091
25105
25110
25123
25118
25117
25127
25132
25140
25188
25153
25151
25175
25164
25160
25157
25169
25180
25179
25184
25233
25193
25192
25199
25194
25195
25197
25202
25208
25207
25212
25211
25219
25215
25354
25327
25310
25239
25238
25254
25245
25242
25255
25268
25264
25262
25258
25267
25294
25290
25284
25286
25302
25299
25306
25308
25322
25311
25320
25323
25345
25328
25337
25336
25334
25344
25349
25814
25535
25487
25357
25443
25390
25386
25380
25365
25361
25362
25369
25367
25368
25373
25376
25384
25433
25419
25394
25392
25411
25400
25429
25446
25445
25452
25447
25472
25467
25459
25468
25485
25478
25479
25517
25516
25503
25498
25492
25494
25508
25504
25513
25512
25511
25525
25518
25808
25598
25571
25559
25551
25545
25537
25544
25539
25538
25553
25568
25594
25584
25715
25671
25607
25605
25604
25602
25618
25611
25644
25629
25640
25637
25655
25656
25670
25667
25657
25659
25690
25679
25675
25686
25682
25680
25684
25688
25706
25695
25703
25700
25698
25708
25710
25791
25754
25749
25716
25720
25719
25739
25727
25730
25733
25742
25740
25741
25743
25744
25751
25790
25769
25755
25771
25774
25795
25793
25807
25800
25802
25810
26137
25892
25865
25850
25833
25819
25836
25838
25845
25839
25854
25851
25862
25858
25861
25876
25869
25867
25872
25870
25889
25885
25880
25886
25891
26029
25934
25911
25902
25907
25905
25928
25920
25926
25923
25922
25956
25941
25937
25936
25939
25949
25946
25944
25952
25951
25955
25953
26028
26017
26006
25999
25980
25974
25973
25972
25970
25996
25985
25981
25988
25991
25993
25998
26005
26001
26003
26014
26027
26025
26023
26087
26069
26063
26053
26030
26044
26037
26058
26057
26081
26074
26133
26129
26092
26107
26105
26109
26122
26119
26126
26130
26135
26161
26142
26139
26156
26195
26181
26162
26169
26185
26182
26184
26193
26189
26187
26217
26204
26199
26196
26203
26228
26225
26601
26403
26392
26320
26283
26231
26245
26241
26236
26237
26282
26266
26248
26253
26267
26273
26285
26313
26288
26302
26291
26309
26314
26319
26317
26361
26350
26339
26331
26323
26330
26338
26348
26345
26359
26377
26369
26368
26387
26386
26381
26391
26400
26393
26394
26395
26445
26412
26409
26407
26406
26404
26439
26428
26414
26418
26415
26421
26420
26424
26434
26433
26443
26441
26442
26586
26576
26567
26532
26448
26499
26476
26464
26463
26451
26454
26452
26466
26473
26495
26491
26482
26497
26506
26503
26504
26519
26513
26511
26518
26516
26514
26527
26526
26520
26525
26522
26528
26545
26539
26537
26563
26552
26546
26554
26559
26574
26570
26579
26577
26587
26588
26594
26602
26623
26620
26619
26618
26616
26641
26627
26637
26636
26632
26638
26643
30813
27895
26677
26664
26674
26665
27557
26958
26738
26703
26684
26682
26702
26686
26691
26711
26704
26732
26727
26723
26716
26737
26816
26808
26776
26755
26748
26746
26744
26742
26747
26750
26754
26762
26756
26761
26757
26775
26797
26796
26787
26790
26809
26814
26944
26874
26839
26818
26838
26832
26823
26825
26837
26861
26846
26864
26862
26918
26877
26907
26901
26889
26899
26890
26892
26895
26900
26906
26911
26910
26920
26925
26932
26927
26926
26930
26937
26950
26951
27312
27261
27152
27062
27050
26976
26967
26964
26962
26959
27025
26993
26978
26989
26995
26994
27019
27005
26998
27002
27010
27026
27035
27033
27031
27047
27039
27051
27057
27127
27103
27095
27086
27076
27063
27074
27071
27077
27093
27088
27122
27121
27110
27111
27120
27125
27124
27123
27126
27136
27143
27145
27225
27159
27155
27162
27161
27200
27175
27170
27164
27167
27168
27171
27174
27173
27191
27189
27199
27195
27217
27204
27202
27219
27221
27223
27257
27254
27236
27246
27237
27238
27252
27251
27258
27270
27266
27265
27267
27291
27287
27272
27285
27276
27290
27302
27298
27294
27305
27306
27309
27517
27512
27356
27341
27324
27319
27316
27329
27327
27340
27335
27350
27344
27354
27352
27390
27362
27363
27384
27375
27374
27377
27467
27423
27397
27407
27399
27412
27421
27431
27426
27436
27434
27460
27457
27455
27449
27465
27463
27483
27471
27474
27510
27503
27485
27520
27518
27519
27554
27529
27521
27552
27534
27533
27532
27546
27757
27729
27565
27559
27624
27617
27585
27568
27573
27590
27608
27592
27597
27593
27606
27616
27613
27609
27611
27614
27623
27619
27694
27691
27677
27629
27666
27632
27661
27660
27650
27642
27638
27647
27644
27663
27674
27676
27680
27685
27682
27720
27713
27707
27695
27702
27708
27719
27717
27724
27726
27732
27730
27751
27734
27746
27887
27833
27782
27772
27764
27765
27776
27775
27789
27790
27806
27793
27797
27821
27810
27811
27870
27848
27842
27846
27849
27851
27853
27869
27886
27872
27877
27894
27891
27893
29969
27995
27907
27896
27898
27897
27903
27902
27938
27923
27937
27989
27959
27947
27939
27943
27955
27948
27988
27979
27962
29900
28962
28783
28110
28012
28009
27999
27996
28000
28035
28023
28022
28021
28030
28070
28053
28037
28058
28066
28063
28085
28084
28073
28080
28099
28087
28102
28107
28109
28217
28207
28137
28118
28116
28114
28125
28123
28155
28149
28144
28141
28140
28154
28153
28201
28200
28185
28156
28172
28163
28182
28196
28190
28193
28216
28214
28215
28305
28302
28276
28258
28222
28228
28227
28224
28233
28251
28244
28235
28234
28240
28238
28257
28252
28271
28263
28272
28278
28277
28293
28292
28297
28304
28627
28406
28325
28318
28313
28312
28306
28316
28326
28375
28352
28350
28335
28330
28338
28347
28344
28369
28356
28355
28365
28359
28371
28378
28396
28379
28404
28401
28399
28613
28511
28450
28447
28414
28407
28413
28411
28437
28435
28423
28430
28438
28445
28494
28479
28452
28469
28454
28461
28462
28485
28486
28488
28495
28507
28506
28533
28512
28526
28517
28515
28537
28536
28555
28552
28545
28610
28608
28589
28567
28563
28559
28560
28582
28571
28585
28605
28597
28622
28618
28614
28624
28625
28764
28661
28638
28636
28628
28640
28660
28658
28643
28642
28656
28739
28730
28663
28669
28665
28691
28673
28671
28679
28700
28699
28692
28725
28724
28701
28706
28731
28737
28733
28740
28753
28756
28778
28765
28773
28771
28775
28779
28824
28789
28807
28800
28905
28876
28851
28844
28829
28849
28847
28850
28854
28853
28857
28873
28862
28891
28887
28889
28899
28895
28931
28915
28913
28908
28925
28919
28922
28927
28939
28934
28959
28947
29407
29037
28996
28963
28986
28975
28972
28974
28979
28985
28983
28988
29015
29011
29003
29000
28999
28998
29005
29014
29016
29027
29019
29035
29303
29135
29118
29077
29068
29039
29058
29064
29061
29062
29095
29087
29085
29082
29090
29104
29100
29116
29115
29134
29125
29255
29210
29156
29142
29143
29152
29149
29162
29157
29190
29183
29163
29178
29177
29165
29208
29193
29194
29223
29220
29215
29214
29219
29218
29221
29246
29241
29237
29236
29226
29238
29242
29249
29295
29266
29265
29260
29264
29273
29272
29282
29281
29285
29301
29302
29378
29338
29310
29304
29307
29306
29318
29320
29331
29326
29346
29345
29341
29340
29365
29349
29356
29351
29355
29366
29372
29377
29388
29383
29387
29398
29397
29393
29390
29389
29406
29400
29399
29497
29439
29419
29408
29409
29426
29421
29462
29448
29444
29441
29460
29459
29458
29457
29484
29466
29473
29467
29698
29629
29548
29529
29506
29501
29502
29507
29520
29512
29524
29523
29528
29533
29531
29541
29544
29543
29623
29563
29562
29573
29564
29578
29574
29576
29614
29600
29587
29581
29608
29627
29688
29653
29650
29642
29652
29671
29667
29666
29656
29660
29662
29695
29693
29691
29689
29697
29696
29747
29721
29716
29712
29707
29704
29713
29720
29734
29731
29728
29722
29725
29723
29726
29746
29744
29737
29842
29821
29783
29758
29748
29778
29772
29787
29784
29786
29798
29795
29788
29803
29800
29820
29812
29814
29825
29832
29828
29829
29852
29886
29862
29853
29860
29883
29875
29872
29876
29879
29884
29896
29889
29933
29931
29929
29905
29911
29919
29916
29914
29954
29939
29934
29967
30500
30062
29979
30009
30000
29983
29992
29986
29993
30018
30015
30010
30025
30021
30054
30033
30028
30035
30047
30042
30053
30058
30071
30066
30065
30064
30346
30222
30187
30131
30093
30083
30076
30072
30082
30080
30078
30088
30113
30101
30095
30096
30106
30109
30126
30120
30115
30116
30129
30181
30139
30137
30133
30161
30154
30168
30167
30190
30217
30194
30215
30198
30221
30282
30259
30229
30233
30231
30237
30234
30257
30241
30239
30252
30258
30262
30280
30276
30263
30277
30332
30296
30286
30285
30291
30292
30323
30300
30305
30303
30301
30314
30317
30329
30326
30324
30331
30338
30342
30386
30352
30348
30365
30372
30383
30392
30389
30449
30435
30401
30400
30407
30416
30409
30429
30428
30418
30434
30432
30430
30441
30448
30473
30457
30456
30460
30458
30461
30469
30470
30492
30480
30491
30482
30481
30497
30766
30718
30526
30519
30505
30513
30512
30510
30524
30624
30583
30568
30535
30534
30558
30542
30545
30543
30544
30557
30556
30549
30560
30559
30570
30572
30594
30590
30585
30592
30622
30607
30599
30597
30596
30605
30620
30616
30614
30623
30662
30656
30632
30626
30629
30634
30633
30652
30638
30639
30648
30642
30643
30658
30674
30670
30664
30696
30688
30711
30704
30745
30723
30720
30721
30732
30727
30734
30737
30755
30754
30762
30763
30800
30782
30767
30773
30798
30788
30786
30790
30792
30799
30801
31918
31773
31591
31474
30915
30850
30817
30814
30826
30821
30842
30848
30858
30905
30863
30862
30860
30877
30866
30873
30867
30890
30881
30878
30884
30896
30899
30909
30913
31177
31124
31117
30959
30937
30933
30923
30918
30916
30925
30928
30930
30936
30946
30938
30949
30952
31020
31009
30983
30975
30972
30979
30980
30981
31004
30986
30994
31001
31088
31055
31044
31030
31025
31028
31027
31033
31031
31036
31048
31054
31066
31062
31059
31063
31077
31115
31096
31094
31091
31110
31100
31105
31122
31156
31142
31130
31125
31137
31131
31134
31148
31150
31170
31164
31157
31168
31172
31171
31321
31304
31303
31197
31187
31182
31180
31185
31188
31233
31225
31218
31202
31216
31224
31227
31278
31268
31246
31241
31237
31245
31247
31267
31269
31270
31277
31281
31280
31299
31286
31302
31312
31399
31364
31334
31324
31332
31343
31342
31355
31353
31351
31347
31356
31357
31393
31384
31375
31371
31370
31368
31385
31391
31388
31442
31409
31400
31402
31424
31411
31419
31416
31426
31472
31456
31450
31447
31464
31480
31477
31475
31552
31546
31495
31486
31490
31499
31498
31496
31519
31517
31510
31502
31503
31533
31529
31577
31555
31581
31588
31701
31622
31600
31593
31598
31604
31602
31603
31616
31608
31607
31609
31618
31619
31689
31660
31628
31644
31635
31640
31638
31641
31642
31652
31645
31646
31653
31668
31677
31688
31694
31690
31700
31695
31703
31720
31718
31705
31704
31714
31771
31724
31721
31723
31731
31730
31727
31729
31748
31745
31736
31766
31757
31751
31758
31863
31819
31807
31785
31780
31783
31803
31794
31788
31806
31818
31816
31842
31825
31831
31829
31826
31830
31838
31844
31861
31857
31853
31852
31860
31864
31909
31869
31866
31868
31894
31877
31890
31907
31911
31914
32681
32270
31988
31954
31941
31940
31931
31920
31938
31944
31951
31945
31965
31959
31956
31977
31975
31968
31971
32256
32250
32108
32012
31993
31997
32004
31998
32010
32054
32033
32013
32020
32018
32016
32032
32046
32041
32045
32053
32057
32055
32089
32083
32078
32071
32059
32080
32103
32099
32136
32119
32112
32220
32145
32143
32191
32174
32169
32165
32173
32179
32176
32177
32181
32187
32218
32215
32211
32197
32194
32210
32205
32213
32242
32229
32221
32239
32235
32252
32258
32267
32334
32285
32284
32279
32311
32292
32289
32303
32298
32304
32314
32312
32323
32322
32468
32381
32347
32336
32363
32351
32349
32364
32380
32368
32367
32375
32383
32382
32386
32425
32407
32390
32423
32409
32424
32439
32433
32428
32445
32443
32459
32453
32461
32463
32609
32605
32490
32487
32484
32470
32473
32482
32483
32582
32542
32500
32493
32496
32510
32504
32526
32513
32530
32535
32537
32539
32573
32567
32545
32566
32548
32572
32570
32579
32576
32586
32594
32593
32588
32589
32608
32646
32637
32613
32628
32626
32624
32623
32629
32630
32639
32644
32641
32649
32647
32648
32662
32660
32659
32669
32666
32664
32675
32712
32689
32687
32686
32682
32691
32703
32702
32718
32715
32713
32717
32740
32726
32722
32719
32725
32731
32762
32752
32765
32763
