13
15 51
8 11 4
7 10 14
11 9 12
8 4 7
15 5 9
9 10 7
4 12 2
15 9 1
9 10 3
4 15 10
12 7 10
14 9 13
7 4 5
5 12 8
12 7 2
12 11 14
6 7 15
15 10 3
4 12 11
2 12 1
2 8 4
10 9 8
4 7 8
10 5 14
4 11 14
9 2 13
13 4 15
12 15 14
12 15 10
10 1 15
12 4 2
9 2 10
8 1 4
13 14 5
10 4 3
13 9 1
6 4 5
4 9 14
2 10 12
4 8 11 
1 2 3
1 2 6
1 5 3
1 5 6
4 2 3
4 2 6
4 5 3
4 5 6
1 4
2 5
3 6

17 61
14 8 7
10 2 9
5 1 9
17 3 4
10 6 4
7 10 1
1 12 14
2 14 7
9 1 17
3 12 2
6 14 7
5 15 3
1 16 17
12 17 10
6 17 1
13 17 9
12 2 10
15 6 8
16 17 14
10 17 4
17 14 9
11 9 6
10 15 17
15 9 6
15 14 13
15 11 3
10 2 16
2 10 17
6 10 17
3 17 17
10 12 11
17 6 4
7 11 13
7 14 17
4 2 8
11 7 2
5 15 9
6 1 2
2 17 6
11 12 3
16 4 2
6 17 14
14 12 9
10 1 17
17 17 16
15 13 2
8 5 15
6 1 9
10 16 15
6 14 1 
1 2 3
1 2 6
1 5 3
1 5 6
4 2 3
4 2 6
4 5 3
4 5 6
1 4
2 5
3 6

17 36
4 7 17
17 7 15
14 2 5
14 15 6
6 8 13
14 15 12
9 3 1
14 6 12
1 9 17
17 1 11
13 3 10
13 15 16
13 12 15
17 11 8
2 5 13
7 14 16
8 12 10
13 12 7
6 13 12
7 14 1
6 2 16
9 13 7
2 12 10
10 13 16
12 16 4 
1 2 3
1 2 6
1 5 3
1 5 6
4 2 3
4 2 6
4 5 3
4 5 6
1 4
2 5
3 6

18 54
12 18 8
4 6 18
15 12 17
2 11 8
6 2 17
10 15 16
17 16 3
3 1 18
5 16 9
6 5 16
13 2 15
2 12 1
5 14 6
12 9 8
12 3 1
13 7 9
3 7 1
4 7 15
5 1 11
15 8 17
3 16 8
18 1 11
1 14 4
17 16 9
11 17 5
12 5 10
13 4 5
15 8 5
4 3 2
3 12 11
13 11 3
7 8 12
3 4 11
8 6 15
14 4 18
8 5 1
15 6 14
13 12 2
15 18 3
13 14 8
11 5 16
16 5 14
2 6 16 
1 2 3
1 2 6
1 5 3
1 5 6
4 2 3
4 2 6
4 5 3
4 5 6
1 4
2 5
3 6

18 111
16 18 8
17 14 15
14 4 10
11 16 6
16 15 8
4 8 1
7 5 14
9 16 1
6 10 12
1 16 8
10 12 7
7 8 18
14 15 18
11 8 5
18 4 6
4 10 17
2 9 6
15 16 18
9 13 5
5 12 15
11 10 14
8 18 6
6 9 12
1 8 17
10 12 8
2 1 4
6 12 15
8 4 2
8 1 5
18 8 16
8 2 15
7 3 13
7 4 9
3 7 11
9 12 4
4 18 5
12 2 5
16 12 13
2 16 1
15 18 2
10 5 15
14 12 17
14 18 1
6 8 17
5 17 4
1 6 11
7 8 14
12 4 8
7 14 11
4 3 11
7 9 12
13 14 8
2 6 1
3 13 6
8 13 6
4 5 7
17 1 12
11 4 5
6 2 16
2 15 5
17 15 18
11 13 7
16 13 3
1 11 12
7 10 9
17 3 14
5 2 6
9 17 1
13 8 15
3 4 16
4 3 5
17 6 12
10 18 12
18 2 8
1 9 16
10 1 15
6 16 15
4 6 10
4 9 15
11 1 17
11 16 17
14 8 10
2 11 8
14 6 3
4 9 12
18 3 4
14 10 3
17 8 3
13 18 12
11 17 12
12 5 14
7 17 8
5 15 6
8 10 7
2 7 15
6 5 7
7 17 15
3 5 6
6 17 13
3 16 4 
1 2 3
1 2 6
1 5 3
1 5 6
4 2 3
4 2 6
4 5 3
4 5 6
1 4
2 5
3 6

9 91
5 1 8
9 3 7
9 8 4
9 4 1
4 9 6
1 5 6
5 8 3
5 3 8
7 6 9
1 8 3
4 5 7
7 1 4
1 5 7
5 9 1
3 2 9
8 2 4
9 6 8
7 8 4
6 9 4
9 5 8
5 3 7
2 4 3
8 2 7
4 1 5
6 7 5
6 3 7
4 1 5
3 9 1
9 8 5
7 2 9
4 2 7
2 6 7
9 5 1
6 1 4
7 8 2
9 5 2
5 1 4
8 3 1
8 9 4
1 6 3
6 3 8
5 9 8
9 4 6
2 3 4
4 8 7
6 7 2
6 4 2
7 8 3
9 1 7
8 1 4
3 5 9
5 4 7
4 7 3
7 3 6
6 1 4
9 4 2
3 9 2
2 9 3
2 1 7
6 4 9
9 8 1
9 1 2
5 8 1
8 3 9
3 8 9
8 6 2
4 8 6
4 5 9
9 8 7
1 3 9
8 4 6
4 5 3
6 2 4
1 8 2
4 6 2
3 9 8
4 1 2
1 9 2
7 5 1
8 1 3 
1 2 3
1 2 6
1 5 3
1 5 6
4 2 3
4 2 6
4 5 3
4 5 6
1 4
2 5
3 6

5 20
5 2 1 
3 5 1 
2 1 5 
5 3 5 
5 2 4 
5 1 2 
5 2 1 
5 4 1 
4 5 1 
5 1 2 
5 1 3 
5 4 5 
5 1 4 
4 2 1 
5 5 4 
5 2 4 
4 2 5 
5 2 1 
5 3 2 
1 4 2

8 20
8 6 7
2 5 6
8 1 7
3 4 2
1 7 2
1 6 3
1 5 4
4 1 6
4 3 7
4 3 1
5 1 7
4 2 8
4 3 8
7 4 5
7 4 8
5 1 4
3 4 7
4 7 8
4 3 2
4 3 5

4 6
3 2 4
2 4 1
3 2 4
2 4 1
4 1 2
3 4 2 

10 15
9 2 7
3 7 1
3 5 2
1 3 7
1 6 4
1 9 6
1 9 7
1 6 10
2 9 10
8 10 3
3 10 8
4 9 5
6 5 1
5 2 6
6 1 8 

20 111
3 6 14
17 6 14
6 4 8
10 1 14
16 13 7
8 1 14
1 20 13
8 2 11
4 3 6
15 7 18
15 7 1
6 13 17
12 11 10
5 1 19
5 11 13
13 3 16
3 10 4
15 19 1
12 19 7
17 14 16
10 9 6
12 14 9
8 11 6
14 7 20
9 11 7
10 6 4
9 7 13
1 18 9
2 7 1
18 9 17
2 12 16
13 6 16
6 19 7
18 13 8
3 19 1
14 4 2
1 11 14
4 15 7
20 9 16
9 14 17
17 12 19
8 19 17
7 10 4
2 20 6
13 1 3
6 17 9
13 6 8
18 15 6
12 18 3
5 15 19
6 5 1
19 2 15
4 6 5
3 14 4
15 4 9
4 3 1
3 11 20
4 15 14
15 5 14
10 1 6
2 15 11
12 10 14
19 15 3
20 10 2
10 15 13
5 16 20
4 15 8
6 18 9
13 2 12
3 9 15
14 10 8
11 17 15
6 19 17
7 11 9
15 2 14
15 13 1
16 1 19
16 7 11
19 5 13
8 16 3
3 1 15
7 13 5
16 14 20
5 13 14
8 1 6
18 9 2
6 10 5
17 6 11
11 6 20
6 16 2
6 14 17
4 12 13
12 10 19
15 11 1
7 6 12
19 4 8
13 6 11
6 12 5
12 9 11
20 7 10
1 2 3
1 2 6
1 5 3
1 5 6
4 2 3
4 2 6
4 5 3
4 5 6
1 4
2 5
3 6

21 111
7 2 4
13 20 4
6 10 4
4 8 7
1 12 17
15 10 21
21 3 5
21 13 15
6 13 8
16 18 5
9 12 11
20 5 17
10 4 20
9 7 5
9 3 13
13 18 11
1 2 12
21 3 1
4 8 10
1 11 10
8 4 1
14 16 3
6 7 21
9 18 21
4 5 7
16 5 19
19 21 8
1 18 12
4 3 13
19 14 9
18 20 7
21 13 6
1 5 6
20 7 2
4 11 9
20 15 13
9 5 4
18 17 19
10 5 12
11 12 7
17 12 4
1 5 14
13 4 1
13 16 17
19 4 7
16 1 7
6 11 9
5 15 10
8 20 17
9 13 8
18 6 20
6 18 12
17 19 5
7 17 13
10 4 7
11 5 12
4 21 15
17 4 1
20 7 2
20 2 12
6 21 9
17 18 11
10 1 17
8 14 4
16 3 6
8 3 7
17 11 10
8 1 13
10 14 12
11 12 7
19 21 18
9 21 2
15 17 13
4 18 2
18 6 3
1 8 19
20 16 4
14 13 6
2 7 1
13 6 14
16 21 8
7 3 12
20 17 14
21 7 5
9 21 4
6 14 15
15 9 14
18 5 9
19 7 3
2 11 12
15 2 4
11 10 9
8 3 19
9 12 11
16 17 20
18 8 19
6 19 4
8 20 11
9 6 16
14 10 6
1 2 3
1 2 6
1 5 3
1 5 6
4 2 3
4 2 6
4 5 3
4 5 6
1 4
2 5
3 6

22 111
11 1 7
13 22 12
8 20 10
8 5 7
10 19 12
15 6 17
11 19 12
3 4 5
21 12 2
9 1 21
9 4 6
22 2 18
11 16 9
18 10 21
11 1 19
11 12 10
8 2 22
11 13 8
16 20 19
12 3 5
12 21 17
17 15 16
2 16 6
14 5 8
20 17 12
13 19 14
16 4 10
11 2 8
21 18 6
8 2 12
11 18 16
2 18 6
19 11 18
16 7 3
10 15 9
17 8 6
17 16 10
8 1 21
8 16 19
22 14 12
4 16 13
6 22 14
10 18 4
16 12 4
7 8 14
8 10 22
21 9 5
16 11 12
6 17 14
11 16 13
15 8 5
5 13 1
5 13 14
1 3 19
9 12 4
17 7 11
22 4 3
16 12 7
6 12 20
14 9 16
17 14 16
10 19 6
7 10 19
2 12 1
5 2 16
3 10 14
8 9 20
18 10 1
21 16 7
12 11 1
13 22 10
12 15 13
5 10 9
1 6 11
15 18 5
16 2 21
8 15 14
14 9 13
7 8 3
14 3 5
12 8 22
12 5 7
1 12 7
20 7 9
22 1 20
22 20 17
16 13 20
9 11 3
13 5 1
21 16 20
18 12 11
19 14 20
4 6 17
16 21 11
13 11 6
5 8 9
1 16 20
3 4 21
15 2 16
6 7 17
1 2 3
1 2 6
1 5 3
1 5 6
4 2 3
4 2 6
4 5 3
4 5 6
1 4
2 5
3 6
