3661 1632
4071 4737
3575 576
4803 7532
4942 4982
3948 1643
4037 7819
4106 2954
4343 851
4972 7095
4214 7783
4777 5322
4776 4209
4092 3476
4009 4572
4866 2612
3786 4145
3515 7485
4087 4184
4061 3755
4709 4889
4419 850
3861 7497
4043 1610
4343 223
4950 259
4370 4899
3506 5809
3595 1891
4853 2730
4292 1146
3971 4858
4969 6441
3829 7343
4388 5890
3660 6455
4796 4475
3611 1818
3832 7520
4085 2217
3951 4018
3790 5479
4136 2812
3590 1589
3992 530
3552 5966
4766 925
3937 2719
3864 2391
4208 6273
3974 5795
4620 2435
4281 4943
3971 5832
3878 1387
4759 3760
4507 3773
3756 5262
4814 4518
4272 3806
4000 7226
3563 1214
4793 6601
4422 4157
4225 4409
4239 658
3544 2902
4758 6671
4496 1307
4321 5625
4215 428
4484 7292
3521 7493
4815 6379
4368 3397
4227 3128
3655 3497
3767 6443
4787 5632
4335 4181
3912 2001
4625 7363
4168 6674
4457 7507
4769 2609
4134 5425
4134 2299
4657 7663
4634 3500
4280 6799
4176 3016
4271 5058
3621 2725
4158 3580
4618 3719
4982 7054
4152 672
4837 1061
4263 3401
3822 3328
3666 5116
4371 3112
4303 7466
4236 3745
4160 4765
4915 4495
4997 6996
4069 4279
3619 1724
3823 898
3905 7148
4181 5269
4508 7246
4730 3471
3744 5496
4782 6464
4170 7554
3537 5503
4189 7895
4809 2848
4893 2742
4712 4671
3871 4970
3908 3359
3927 6978
4655 3012
3982 1227
4672 4550
3603 1767
3784 7049
4485 4125
4115 6680
4230 5032
4025 7433
3558 1971
4457 3437
4842 7359
3606 6867
3570 5402
4796 6619
4961 5020
4673 7230
3870 3881
3785 2015
4197 5361
4374 3375
4648 2761
4571 7740
3670 6250
4268 6363
4498 5101
3711 4567
4372 4141
4475 3786
5000 1082
4117 2593
3650 4809
4726 6898
4895 1566
4164 7541
4449 5387
4027 6732
3838 7202
4498 6507
4590 3774
3512 6329
4247 5525
4045 7748
4274 3123
3593 6151
3800 6704
4141 3359
4151 1016
4990 1801
4221 5772
4377 6728
4395 6427
3985 792
3641 3488
3705 3541
3675 2566
4237 621
4817 6396
4204 7237
4804 454
3638 6932
4375 7356
4133 1152
3945 5436
4316 6534
4599 3715
5000 419
4620 935
4422 8
4747 1236
3774 1698
3945 4930
4894 1969
4650 3152
3621 2241
3783 1271
3999 4178
3680 1910
4940 7429
3511 4867
4841 2370
4219 6742
4299 2743
3858 5635
4866 1843
4215 7559
4875 7648
3749 5626
4371 1413
3571 885
4737 2904
3803 3497
4415 4305
3504 7198
3649 5135
4722 5642
4666 5293
4398 2797
4520 3231
4565 1670
4952 3805
3598 7462
3540 2869
4177 6231
4511 7631
4885 3848
4906 7673
4145 137
3734 4963
4659 3147
4264 3128
4000 1886
4498 4481
4358 4749
3556 258
3933 450
4254 5144
3909 7969
4577 4567
3894 7712
4060 1957
3777 2308
4448 6016
4129 5177
4005 3589
3934 2878
3844 7209
4627 789
3783 3420
4066 7243
4532 7502
4160 6430
4101 5077
4199 3445
4355 2167
4550 3642
4681 5233
4042 623
3609 5865
3747 5945
4208 6117
3518 1709
4067 7699
4864 973
3964 4511
4601 4207
4964 5884
4587 7198
4774 2480
4135 4873
3562 7871
4976 7403
4263 3272
4490 4058
4658 1062
4047 4425
4376 7841
4786 4411
4292 3585
3875 186
4300 2110
4034 5144
3778 1594
3898 4947
3955 6333
4515 4228
5000 8000
4999 8000
5000 7990
5000 7900
4900 8000
4990 7980
4980 8000
4960 7895
5000 8000
0 0
