100
4 665
646 591 583 597
10 638
109 554 4 568 545 162 255 159 119 40
6 672
565 397 228 513 652 540
7 288
114 167 121 171 188 38 90
3 210
175 106 65
9 632
74 341 74 335 335 341 341 60 74
6 355
216 157 326 157 216 326
10 1
1 1 1 1 1 1 1 1 1 1
3 561
534 430 307
5 194
192 164 102 43 15
8 600
177 22 125 579 148 453 476 424
10 431
302 100 154 390 252 51 365 136 322 388
6 221
149 169 150 52 72 71
4 233
10 29 62 13
7 61
9 18 56 53 2 9 31
10 150
42 89 124 45 87 22 117 36 84 76
8 666
221 434 221 221 434 283 86 533
6 662
580 120 120 49 120 120
10 373
76 243 311 63 3 275 298 131 371 99
10 589
252 434 407 223 252 366 462 548 320 248
3 150
76 94 37
8 570
487 432 194 248 294 277 275 257
6 395
58 340 191 204 337 55
10 593
144 413 186 159 74 443 64 146 384 291
6 427
159 73 338 168 96 370
10 661
123 404 568 613 185 123 404 613 185 374
10 373
182 148 72 200 129 180 321 65 263 138
10 700
1 1 1 1 1 1 1 1 1 1
7 181
137 138 155 53 116 42 151
8 432
312 364 318 318 353 331 386 342
10 200
81 33 114 96 30 6 145 144 169 33
7 344
146 211 329 201 266 328 288
6 638
302 511 331 447 398 497
6 511
163 29 163 167 167 29
10 375
127 105 329 113 193 6 10 129 196 148
10 358
124 238 56 50 281 94 134 297 116 186
8 696
310 253 281 666 246 376 252 696
10 348
269 213 147 135 78 114 270 79 234 201
10 21
2 16 2 10 11 10 5 7 21 17
10 548
227 143 539 321 405 9 117 268 280 431
3 141
21 125 5
10 48
16 35 29 17 26 1 46 29 4 15
10 581
543 453 454 190 330 319 491 235 511 73
10 2
2 2 2 2 2 1 1 1 1 2
10 675
396 298 73 608 222 669 117 599 304 387
8 152
133 10 19 25 142 97 55 127
9 426
332 415 308 341 311 177 400 364 425
6 566
495 395 279 197 495 258
10 649
478 144 498 130 417 347 628 177 189 268
10 356
42 169 134 251 264 220 278 68 1 337
6 626
232 428 394 198 587 39
6 237
113 155 15 82 222 124
5 658
314 314 307 314 20
10 540
90 538 466 280 522 150 8 404 337 311
10 54
24 42 37 49 28 43 18 3 5 22
10 206
118 35 9 173 110 178 191 116 135 49
1 278
93
8 623
419 564 448 280 477 308 302 410
6 576
349 315 220 486 543 219
10 420
107 392 190 56 111 199 216 188 122 312
7 456
12 109 123 123 230 333 103
10 280
96 128 271 131 176 14 12 256 180 160
10 132
30 43 45 18 11 90 86 8 89 65
6 543
209 204 269 295 479 218
10 138
16 91 59 130 102 104 136 12 33 26
3 377
156 280 155
6 446
213 382 337 219 215 323
10 654
434 492 264 413 250 424 357 519 330 648
5 613
474 259 334 428 273
10 559
382 495 202 419 119 204 380 406 43 404
10 407
249 95 396 238 243 104 62 192 407 281
5 248
101 61 179 111 145
10 210
143 60 11 19 150 199 48 191 67 162
4 139
113 100 66 47
5 545
423 513 141 377 155
9 665
539 509 463 657 615 619 465 531 624
10 316
221 298 81 53 86 268 136 293 309 115
8 86
57 30 13 59 76 74 28 11
9 533
533 377 231 489 286 276 351 421 441
10 365
88 305 206 25 167 39 330 84 252 34
8 439
104 142 294 401 400 275 48 144
7 126
109 4 110 110 13 72 116
10 244
93 229 186 184 158 103 200 235 169 232
10 541
260 35 132 41 342 189 223 365 132 50
10 289
256 138 12 159 63 214 259 214 288 226
10 282
235 282 158 268 153 138 162 241 109 104
5 181
132 115 85 83 70
3 637
255 503 389
3 458
249 192 241
8 341
179 162 189 152 76 225 265 116
9 337
19 270 321 278 197 139 272 50 57
10 544
374 109 147 327 58 282 70 291 53 301
9 500
214 338 338 57 140 338 57 140 140
5 520
472 472 472 95 497
8 341
61 284 200 38 289 170 157 242
9 521
490 102 102 223 223 520 223 490 291
8 531
386 404 423 373 456 484 505 481
6 698
369 495 329 579 203 119
10 103
64 18 22 85 75 11 68 71 28 38
10 519
463 155 82 210 306 84 402 119 233 367
