100
4
447186477 46167448 198492617 483572592
10
7688 1096 4121 2149 3759 4890 362 182 7754 1804
9
268901597 330437855 294619119 326457028 596265077 174830247 119302641 515937407 771798869
4
798 108 294 868
10
8653 735 2886 6705 5129 4287 9170 3455 6433 4932
4
349 387 944 796
10
694 575 458 373 71 266 422 561 597 839
9
221 274 845 561 545 540 433 375 293
3
48115560 72694900 739993325
10
939 508 393 115 53 106 126 414 583 991
10
821 748 627 460 236 307 521 721 801 877
9
965766366 164033456 994204840 975190297 122284354 215943956 544693770 42874762 602511612
5
1 8 10 3 7
9
826 627 330 141 124 134 193 474 671
9
9111 4286 3638 482 2828 6335 2674 2528 9991
4
669 270 661 813
8
3589751 1148983 5361689 1084176 9917953 7211718 3051113 7436997
9
889 768 527 171 2 32 200 681 861
9
8462 1031 371 3823 6395 8839 2264 6557 4899
8
5594390 894678 6533181 611470 9620054 439425 7449717 8663538
10
236068010 594536730 27498417 430215917 252535292 448476824 40539411 191332251 279972210 962468581
8
5442 6809 359 567 3032 517 114 9255
4
538158196 666183409 171195228 221241210
10
853907848 447841905 281344812 550153292 378397106 122055395 139083206 518912755 35401920 487170648
10
74 7014 4509 3807 6540 2903 5578 2892 168 7418
9
8765 5647 2058 8494 128 7952 9105 4083 6844
10
5063 6887 2578 828 3097 9543 2774 615 5580 9939
6
816707423 200938851 635802492 411654808 128492406 462707687
10
257791831 735468798 874101532 495793793 203520075 676759853 768938193 589492203 885435839 456918842
8
7346 1597 3077 5448 919 457 2 6959
10
9943 5227 1317 4426 52 1849 5248 7996 217 4105
8
63 142 343 796 789 767 761 379
6
149 963 824 629 527 288
8
2143 7932 5247 5202 162 58 1045 9433
9
124 267 282 290 434 931 875 701 682
7
968 805 620 87 358 804 942
6
890 539 109 128 850 955
10
30988609 380004413 959720156 103717729 155171727 457300717 827261121 80486819 942914324 489398078
6
155974647 948379803 612281729 904583957 318745685 416822760
10
9686 951 1931 1767 4154 6361 983 3047 3998 7542
10
983 727 421 290 73 116 391 527 913 991
8
7206 1079 6815 68 301 6454 6121 1385
5
665359822 196906012 34666270 608490602 503320971
8
9738 1983 3415 5422 5462 7368 262 370
10
75 175 297 314 463 484 489 738 796 955
8
7533 4858 5496 4769 4363 4613 3094 9458
9
839834571 485036004 742544620 826005852 410143547 228215650 56071334 8938353 646068462
9
698863906 273887028 280302091 221100909 577220579 506848954 517738650 786636705 787067077
1
407730723
9
5246 8758 9294 5708 224 220 132 2357 9904
9
9169 574 4669 9119 5734 1068 8 891 4307
9
4387 3747 4351 279 9820 5881 822 6539 9635
3
1 2 3
8
741 681 360 149 289 559 721 833
10
859 803 730 520 124 130 615 757 840 967
10
8434 4312 4737 4347 7570 6003 2858 6586 7995 9518
8
9817 1191 3460 3234 2384 371 302 7054
6
289110727 490950001 31936436 742478542 905015904 712357120
8
7658 2142 7807 4011 2161 2168 2913 5973
6
499657076 22077009 992277765 28434589 293815187 884704571
8
8163 5634 24 8511 6244 450 4138 9007
10
610650964 904535628 360551397 54997443 110515480 311766796 284928788 499387299 493382086 603152126
8
9926 7589 2023 6242 6459 9673 7592 5484
9
883710567 167313415 861924621 532535789 627614834 497767610 946152492 450798358 5248903
5
217 282 445 806 484
10
2952 5253 8562 9317 3868 4412 3150 879 6986 7434
5
989 306 206 215 437
9
7683 6608 517 7501 5872 36 3589 1444 610
10
515271516 662399930 190016150 730074000 433628300 212203660 153398504 999209549 942776251 812607818
10
867852464 787768423 494150356 371817423 472884157 789753589 593116693 652337051 406423398 337243693
8
8665986 350176 5074358 7486424 2749372 5565593 7028067 6527554
10
559290599 36748178 715319542 587431806 64926021 25194178 791513028 684696473 514693253 898018366
10
934950449 588164013 72171 781726830 250785931 410365116 765865842 956888009 408136466 443092254
8
78 637 517 462 441 310 252 86
9
8989 9242 8508 53 8339 7620 284 226 9557
10
986 803 775 741 397 319 316 158 105 91
8
428332746 160188986 639806684 292627029 567191947 721160630 461168568 42973265
6
651 175 6 87 605 697
5
356949974 983530537 687437196 535240706 909306268
8
7001 2535 9099 5309 6214 2884 811 9097
10
854 560 423 144 78 98 215 503 753 856
6
658 399 148 214 430 929
4
935791423 268833017 507096357 997291077
9
9411993 6864820 108607 760818 6074275 4506467 1680853 1337753 1963172
9
855 760 627 218 66 113 400 715 851
8
888301052 623421860 971427265 104794485 820984206 611589603 634583807 751432960
10
754 436 341 143 51 124 150 351 608 860
10
302239415 198822197 371272972 357764239 796258333 156693777 598539638 420369571 476435833 961899974
10
842991516 657354282 246914269 964889138 971976267 69879697 573701113 814606806 890124536 909710817
4
3986583 8514063 5648788 4259185
6
853 643 48 416 704 1000
10
919 879 622 351 64 267 363 817 893 988
6
694450908 310673004 824858097 608237993 356055970 883984118
10
6200826 95937 5692586 5364486 2165864 4791294 5375611 301621 2363029 9989573
10
647 529 507 293 55 273 304 516 577 720
10
894083253 644164143 449534898 843454193 960120863 580559891 580594025 839031986 367341442 270091199
9
8950 993 2123 6187 210 5088 6425 4969 7052
9
8251 492 2993 5535 9585 6184 3101 4843 4942
10
814 706 615 311 119 197 536 679 741 943
9
9010 2866 2041 2395 337 4205 7266 7027 2689
