A1 8
2.0 5.0
2.0 4.0
2.0 2.0
1.0 1.0
4.0 1.0
0.0 0.0
3.0 0.0
5.0 0.0
A2 11
1.0 5.0
5.0 5.0
2.0 4.0
3.0 4.0
2.0 3.0
2.0 2.0
3.0 2.0
1.0 1.0
4.0 1.0
0.0 0.0
4.0 0.0
A3 6
0.0 0.0
1.0 1.0
2.0 2.0
3.0 3.0
4.0 4.0
5.0 5.0
A4 4
0.0 0.0
1.0 1.0
2.0 2.0
3.0 3.0
A5 100
84.0188 39.4383
78.3099 79.8440
91.1647 19.7551
33.5223 76.8230
27.7775 55.3970
47.7397 62.8871
36.4784 51.3401
95.2230 91.6195
63.5712 71.7297
14.1603 60.6969
1.6301 24.2887
13.7232 80.4177
15.6679 40.0944
12.9790 10.8809
99.8925 21.8257
51.2932 83.9112
61.2640 29.6032
63.7552 52.4287
49.3583 97.2775
29.2517 77.1358
52.6745 76.9914
40.0229 89.1529
28.3315 35.2458
80.7725 91.9026
6.9755 94.9327
52.5995 8.6056
19.2214 66.3227
89.0233 34.8893
6.4171 2.0023
45.7702 6.3096
23.8280 97.0634
90.2208 85.0920
26.6666 53.9760
37.5207 76.0249
51.2535 66.7724
53.1606 3.9280
43.7638 93.1835
93.0810 72.0952
28.4293 73.8534
63.9979 35.4049
68.7861 16.5974
44.0105 88.0075
82.9201 33.0337
22.8968 89.3372
35.0360 68.6670
95.6468 58.8640
65.7304 85.8676
43.9560 92.3970
39.8437 81.4767
68.4219 91.0972
48.2491 21.5825
95.0252 92.0128
14.7660 88.1062
64.1081 43.1953
61.9596 28.1059
78.6002 30.7458
44.7034 22.6107
18.7533 27.6235
55.6444 41.6501
16.9607 90.6804
10.3171 12.6075
49.5444 76.0475
98.4752 93.5004
68.4445 38.3188
74.9771 36.8664
29.4160 23.2262
58.4489 24.4413
15.2390 73.2149
12.5475 79.3470
16.4102 74.5071
7.4530 95.0104
5.2529 52.1563
17.6211 24.0062
79.7798 73.2654
65.6564 96.7405
63.9458 75.9735
9.3480 13.4902
52.0210 7.8232
6.9906 20.4655
46.1420 81.9677
57.3319 75.5581
5.1939 15.7807
99.9994 20.4329
88.9956 12.5468
99.7799 5.4058
87.0540 7.2329
0.4162 92.3069
59.3892 18.0372
16.3131 39.1690
91.3027 81.9695
35.9095 55.2485
57.9430 45.2576
68.7387 9.9640
53.0808 75.7294
30.4295 99.2228
57.6971 87.7614
74.7809 62.8910
3.5421 74.7803
83.3239 92.5377
87.3271 83.1038
A6 200
84.0188 39.4383
78.3099 79.8440
91.1647 19.7551
33.5223 76.8230
27.7775 55.3970
47.7397 62.8871
36.4784 51.3401
95.2230 91.6195
63.5712 71.7297
14.1603 60.6969
1.6301 24.2887
13.7232 80.4177
15.6679 40.0944
12.9790 10.8809
99.8925 21.8257
51.2932 83.9112
61.2640 29.6032
63.7552 52.4287
49.3583 97.2775
29.2517 77.1358
52.6745 76.9914
40.0229 89.1529
28.3315 35.2458
80.7725 91.9026
6.9755 94.9327
52.5995 8.6056
19.2214 66.3227
89.0233 34.8893
6.4171 2.0023
45.7702 6.3096
23.8280 97.0634
90.2208 85.0920
26.6666 53.9760
37.5207 76.0249
51.2535 66.7724
53.1606 3.9280
43.7638 93.1835
93.0810 72.0952
28.4293 73.8534
63.9979 35.4049
68.7861 16.5974
44.0105 88.0075
82.9201 33.0337
22.8968 89.3372
35.0360 68.6670
95.6468 58.8640
65.7304 85.8676
43.9560 92.3970
39.8437 81.4767
68.4219 91.0972
48.2491 21.5825
95.0252 92.0128
14.7660 88.1062
64.1081 43.1953
61.9596 28.1059
78.6002 30.7458
44.7034 22.6107
18.7533 27.6235
55.6444 41.6501
16.9607 90.6804
10.3171 12.6075
49.5444 76.0475
98.4752 93.5004
68.4445 38.3188
74.9771 36.8664
29.4160 23.2262
58.4489 24.4413
15.2390 73.2149
12.5475 79.3470
16.4102 74.5071
7.4530 95.0104
5.2529 52.1563
17.6211 24.0062
79.7798 73.2654
65.6564 96.7405
63.9458 75.9735
9.3480 13.4902
52.0210 7.8232
6.9906 20.4655
46.1420 81.9677
57.3319 75.5581
5.1939 15.7807
99.9994 20.4329
88.9956 12.5468
99.7799 5.4058
87.0540 7.2329
0.4162 92.3069
59.3892 18.0372
16.3131 39.1690
91.3027 81.9695
35.9095 55.2485
57.9430 45.2576
68.7387 9.9640
53.0808 75.7294
30.4295 99.2228
57.6971 87.7614
74.7809 62.8910
3.5421 74.7803
83.3239 92.5377
87.3271 83.1038
97.9434 74.3811
90.3366 98.3596
66.6880 49.7259
16.3968 83.0012
88.8949 7.6995
64.9707 24.8044
62.9480 22.9137
70.0620 31.6867
32.8777 23.1428
7.4161 63.3072
22.3656 65.1132
51.0686 97.1466
28.0042 54.6107
71.9269 11.3281
47.1483 59.2540
94.4318 45.0918
33.6351 84.7684
43.4513 0.3231
34.4943 59.8481
83.3243 23.3892
67.5476 48.2950
48.1936 30.4956
71.2087 18.2556
62.1823 4.0864
41.3984 69.5984
67.3936 63.7640
34.7116 18.4622
60.9106 62.7158
73.0729 32.8374
74.0438 20.2213
92.0914 68.4757
65.3130 25.7265
53.2441 8.7644
26.0497 87.7384
68.6125 9.3740
11.1276 36.1601
57.6691 59.3211
66.6557 28.8778
77.5767 28.8379
32.9642 18.9751
98.4363 0.3579
82.7391 33.1479
18.8201 43.6497
95.8637 91.8930
76.4871 69.9075
12.1143 68.5786
38.3832 77.4273
94.3051 91.6273
86.1917 20.3548
79.3657 54.8042
29.7288 90.4932
90.9643 87.3979
49.8144 57.6200
16.2757 27.3911
86.4579 49.2399
46.3662 84.8942
49.5977 29.1053
18.0421 68.4178
72.7550 13.9058
60.3109 49.2422
83.8134 72.4252
17.8208 22.1966
49.8525 12.1259
13.8238 36.0443
32.4807 93.1895
90.8485 62.2095
83.6828 81.8128
49.6074 33.4972
39.4327 65.8831
60.8883 25.8906
15.1230 7.2545
10.7848 64.7207
36.3598 28.8270
33.1386 9.1149
42.7328 93.4495
58.3570 26.5461
65.8747 76.1778
48.7427 15.7272
88.3037 62.5665
51.7715 20.7844
55.7561 42.6199
82.9939 39.4388
24.4327 32.6013
72.9360 63.8654
98.4845 33.8243
89.7560 13.6075
41.0788 0.5409
78.3282 77.4386
29.3678 11.4668
86.5535 72.1006
4.9162 44.9105
98.6467 70.7909
21.0883 47.3894
86.5181 9.3920
9.9559 38.2896
30.1763 65.7120
80.9095 13.1702
5.1508 5.3422
45.7716 78.0868
69.2076 44.2560
A7 400
84.0188 39.4383
78.3099 79.8440
91.1647 19.7551
33.5223 76.8230
27.7775 55.3970
47.7397 62.8871
36.4784 51.3401
95.2230 91.6195
63.5712 71.7297
14.1603 60.6969
1.6301 24.2887
13.7232 80.4177
15.6679 40.0944
12.9790 10.8809
99.8925 21.8257
51.2932 83.9112
61.2640 29.6032
63.7552 52.4287
49.3583 97.2775
29.2517 77.1358
52.6745 76.9914
40.0229 89.1529
28.3315 35.2458
80.7725 91.9026
6.9755 94.9327
52.5995 8.6056
19.2214 66.3227
89.0233 34.8893
6.4171 2.0023
45.7702 6.3096
23.8280 97.0634
90.2208 85.0920
26.6666 53.9760
37.5207 76.0249
51.2535 66.7724
53.1606 3.9280
43.7638 93.1835
93.0810 72.0952
28.4293 73.8534
63.9979 35.4049
68.7861 16.5974
44.0105 88.0075
82.9201 33.0337
22.8968 89.3372
35.0360 68.6670
95.6468 58.8640
65.7304 85.8676
43.9560 92.3970
39.8437 81.4767
68.4219 91.0972
48.2491 21.5825
95.0252 92.0128
14.7660 88.1062
64.1081 43.1953
61.9596 28.1059
78.6002 30.7458
44.7034 22.6107
18.7533 27.6235
55.6444 41.6501
16.9607 90.6804
10.3171 12.6075
49.5444 76.0475
98.4752 93.5004
68.4445 38.3188
74.9771 36.8664
29.4160 23.2262
58.4489 24.4413
15.2390 73.2149
12.5475 79.3470
16.4102 74.5071
7.4530 95.0104
5.2529 52.1563
17.6211 24.0062
79.7798 73.2654
65.6564 96.7405
63.9458 75.9735
9.3480 13.4902
52.0210 7.8232
6.9906 20.4655
46.1420 81.9677
57.3319 75.5581
5.1939 15.7807
99.9994 20.4329
88.9956 12.5468
99.7799 5.4058
87.0540 7.2329
0.4162 92.3069
59.3892 18.0372
16.3131 39.1690
91.3027 81.9695
35.9095 55.2485
57.9430 45.2576
68.7387 9.9640
53.0808 75.7294
30.4295 99.2228
57.6971 87.7614
74.7809 62.8910
3.5421 74.7803
83.3239 92.5377
87.3271 83.1038
97.9434 74.3811
90.3366 98.3596
66.6880 49.7259
16.3968 83.0012
88.8949 7.6995
64.9707 24.8044
62.9480 22.9137
70.0620 31.6867
32.8777 23.1428
7.4161 63.3072
22.3656 65.1132
51.0686 97.1466
28.0042 54.6107
71.9269 11.3281
47.1483 59.2540
94.4318 45.0918
33.6351 84.7684
43.4513 0.3231
34.4943 59.8481
83.3243 23.3892
67.5476 48.2950
48.1936 30.4956
71.2087 18.2556
62.1823 4.0864
41.3984 69.5984
67.3936 63.7640
34.7116 18.4622
60.9106 62.7158
73.0729 32.8374
74.0438 20.2213
92.0914 68.4757
65.3130 25.7265
53.2441 8.7644
26.0497 87.7384
68.6125 9.3740
11.1276 36.1601
57.6691 59.3211
66.6557 28.8778
77.5767 28.8379
32.9642 18.9751
98.4363 0.3579
82.7391 33.1479
18.8201 43.6497
95.8637 91.8930
76.4871 69.9075
12.1143 68.5786
38.3832 77.4273
94.3051 91.6273
86.1917 20.3548
79.3657 54.8042
29.7288 90.4932
90.9643 87.3979
49.8144 57.6200
16.2757 27.3911
86.4579 49.2399
46.3662 84.8942
49.5977 29.1053
18.0421 68.4178
72.7550 13.9058
60.3109 49.2422
83.8134 72.4252
17.8208 22.1966
49.8525 12.1259
13.8238 36.0443
32.4807 93.1895
90.8485 62.2095
83.6828 81.8128
49.6074 33.4972
39.4327 65.8831
60.8883 25.8906
15.1230 7.2545
10.7848 64.7207
36.3598 28.8270
33.1386 9.1149
42.7328 93.4495
58.3570 26.5461
65.8747 76.1778
48.7427 15.7272
88.3037 62.5665
51.7715 20.7844
55.7561 42.6199
82.9939 39.4388
24.4327 32.6013
72.9360 63.8654
98.4845 33.8243
89.7560 13.6075
41.0788 0.5409
78.3282 77.4386
29.3678 11.4668
86.5535 72.1006
4.9162 44.9105
98.6467 70.7909
21.0883 47.3894
86.5181 9.3920
9.9559 38.2896
30.1763 65.7120
80.9095 13.1702
5.1508 5.3422
45.7716 78.0868
69.2076 44.2560
11.9111 58.9637
57.8635 52.9899
59.5045 36.1917
30.4285 88.8723
47.6585 16.9820
60.9729 52.5747
61.8925 59.6196
23.3656 82.9808
7.0090 9.8837
92.3728 16.9650
48.1733 22.5491
82.6769 29.0829
35.7193 87.8278
34.4251 81.4909
65.9146 3.6327
25.7469 77.8257
62.5964 83.6104
30.8157 22.1009
19.8021 61.2442
10.9733 67.4605
78.2262 71.9462
20.0352 40.1188
31.5658 43.4009
23.0996 38.5748
53.2846 15.4724
55.5398 1.4579
38.0215 38.2167
30.5408 73.7408
26.0445 64.9659
55.2316 91.9591
68.5986 80.9785
69.7848 31.1950
64.5889 0.6005
53.2960 84.3910
61.8447 64.2693
51.8515 40.0709
36.2154 71.8867
80.1897 67.7812
15.2876 3.2893
6.3561 68.5722
18.7616 61.8958
70.0301 56.7831
0.1125 0.5709
30.5239 26.1570
65.5368 85.7555
18.1161 34.1354
66.7341 87.9009
65.3305 31.3230
88.5014 18.6265
15.7139 50.3461
82.8957 67.5654
90.4170 19.1112
39.4521 70.6067
86.8924 54.7397
73.8959 93.2485
23.3119 92.6576
55.1443 93.3420
49.4407 55.2568
93.9129 79.9646
81.4139 59.4497
65.7201 99.5300
93.5852 32.4541
87.4309 58.9157
63.7771 75.9324
77.5421 79.4910
26.2785 60.4379
47.0564 16.6955
79.5490 86.5086
87.3021 66.4414
41.2483 61.1981
59.6899 64.5601
53.8557 14.8342
57.9022 3.2963
70.0910 51.8151
83.2609 51.5049
11.2648 48.9810
51.0349 4.8500
81.4351 38.4658
63.7656 45.2122
14.3982 41.3078
24.7033 40.6767
1.7457 71.7597
57.3721 81.2947
58.2682 44.6743
47.7361 99.5165
5.8723 7.4260
64.0766 59.7280
22.2602 21.9788
63.0243 92.3513
73.7939 46.2852
43.8562 85.0586
95.2662 94.8911
89.9086 76.7014
33.3569 53.6742
21.9136 47.7551
94.9820 46.6169
88.4318 96.7277
18.3765 45.8039
78.0224 76.6448
90.4782 25.7585
76.1612 96.3505
33.1846 40.2379
56.0785 55.4448
62.2167 19.1028
47.7961 36.0105
65.3880 91.6523
21.0692 60.6542
86.5434 10.9778
37.3556 19.9003
64.6520 59.2692
67.6554 59.6341
5.8860 56.0872
56.3617 24.2626
1.8911 34.3841
0.9073 92.3692
60.1427 77.0686
88.7197 93.3273
17.3065 44.7982
48.7721 79.5231
63.9009 96.5682
15.5336 29.2889
88.2204 36.6028
89.9431 74.7638
47.5806 27.2987
94.6640 12.2326
86.5679 62.3194
71.8666 92.4540
18.4066 28.2284
16.7165 20.2977
62.6125 17.6239
12.6669 22.7552
94.6925 1.3866
16.0824 11.9989
46.1848 64.8545
91.5221 10.0857
61.4227 7.0557
39.3746 49.6431
43.6585 29.3177
24.4069 91.2391
56.6164 19.0709
3.4716 43.1844
81.3904 75.3383
35.6383 99.7970
3.5666 52.3548
20.0947 66.1792
69.9787 32.7616
88.9343 64.6712
34.1482 5.0168
76.6701 80.3330
69.8713 68.1922
90.4187 31.2940
75.2479 29.7933
80.9371 18.9064
59.1111 5.3439
10.1454 15.7275
24.4149 13.6171
58.9119 5.8052
88.9553 94.5502
5.6022 92.5220
46.9050 25.6969
58.7011 16.8837
58.4585 47.6355
81.5549 92.6068
52.6523 58.2250
72.9398 22.5236
26.4172 63.3585
53.8175 1.6651
93.1518 34.7546
20.5714 52.2629
40.0985 30.7168
67.9904 64.5134
44.3339 26.9022
70.3186 33.2892
21.4524 75.9208
25.8112 68.3574
1.6177 84.5123
85.2411 60.0763
32.1478 66.7960
52.6830 84.8000
25.0210 25.6228
7.3236 51.4382
88.9813 61.1411
53.1033 82.1331
95.8957 73.6747
34.3959 35.9942
4.3915 2.3863
0.5076 48.7254
29.2886 70.8262
82.0146 50.7410
46.7471 7.8258
19.0984 48.3648
92.3381 4.3395
8.4411 24.4858
71.1355 61.1241
9.2858 96.1565
86.7469 16.6094
47.5947 75.7282
77.7505 0.6980
57.8613 73.6462
74.3727 92.2572
A8 1000
84.0188 39.4383
78.3099 79.8440
91.1647 19.7551
33.5223 76.8230
27.7775 55.3970
47.7397 62.8871
36.4784 51.3401
95.2230 91.6195
63.5712 71.7297
14.1603 60.6969
1.6301 24.2887
13.7232 80.4177
15.6679 40.0944
12.9790 10.8809
99.8925 21.8257
51.2932 83.9112
61.2640 29.6032
63.7552 52.4287
49.3583 97.2775
29.2517 77.1358
52.6745 76.9914
40.0229 89.1529
28.3315 35.2458
80.7725 91.9026
6.9755 94.9327
52.5995 8.6056
19.2214 66.3227
89.0233 34.8893
6.4171 2.0023
45.7702 6.3096
23.8280 97.0634
90.2208 85.0920
26.6666 53.9760
37.5207 76.0249
51.2535 66.7724
53.1606 3.9280
43.7638 93.1835
93.0810 72.0952
28.4293 73.8534
63.9979 35.4049
68.7861 16.5974
44.0105 88.0075
82.9201 33.0337
22.8968 89.3372
35.0360 68.6670
95.6468 58.8640
65.7304 85.8676
43.9560 92.3970
39.8437 81.4767
68.4219 91.0972
48.2491 21.5825
95.0252 92.0128
14.7660 88.1062
64.1081 43.1953
61.9596 28.1059
78.6002 30.7458
44.7034 22.6107
18.7533 27.6235
55.6444 41.6501
16.9607 90.6804
10.3171 12.6075
49.5444 76.0475
98.4752 93.5004
68.4445 38.3188
74.9771 36.8664
29.4160 23.2262
58.4489 24.4413
15.2390 73.2149
12.5475 79.3470
16.4102 74.5071
7.4530 95.0104
5.2529 52.1563
17.6211 24.0062
79.7798 73.2654
65.6564 96.7405
63.9458 75.9735
9.3480 13.4902
52.0210 7.8232
6.9906 20.4655
46.1420 81.9677
57.3319 75.5581
5.1939 15.7807
99.9994 20.4329
88.9956 12.5468
99.7799 5.4058
87.0540 7.2329
0.4162 92.3069
59.3892 18.0372
16.3131 39.1690
91.3027 81.9695
35.9095 55.2485
57.9430 45.2576
68.7387 9.9640
53.0808 75.7294
30.4295 99.2228
57.6971 87.7614
74.7809 62.8910
3.5421 74.7803
83.3239 92.5377
87.3271 83.1038
97.9434 74.3811
90.3366 98.3596
66.6880 49.7259
16.3968 83.0012
88.8949 7.6995
64.9707 24.8044
62.9480 22.9137
70.0620 31.6867
32.8777 23.1428
7.4161 63.3072
22.3656 65.1132
51.0686 97.1466
28.0042 54.6107
71.9269 11.3281
47.1483 59.2540
94.4318 45.0918
33.6351 84.7684
43.4513 0.3231
34.4943 59.8481
83.3243 23.3892
67.5476 48.2950
48.1936 30.4956
71.2087 18.2556
62.1823 4.0864
41.3984 69.5984
67.3936 63.7640
34.7116 18.4622
60.9106 62.7158
73.0729 32.8374
74.0438 20.2213
92.0914 68.4757
65.3130 25.7265
53.2441 8.7644
26.0497 87.7384
68.6125 9.3740
11.1276 36.1601
57.6691 59.3211
66.6557 28.8778
77.5767 28.8379
32.9642 18.9751
98.4363 0.3579
82.7391 33.1479
18.8201 43.6497
95.8637 91.8930
76.4871 69.9075
12.1143 68.5786
38.3832 77.4273
94.3051 91.6273
86.1917 20.3548
79.3657 54.8042
29.7288 90.4932
90.9643 87.3979
49.8144 57.6200
16.2757 27.3911
86.4579 49.2399
46.3662 84.8942
49.5977 29.1053
18.0421 68.4178
72.7550 13.9058
60.3109 49.2422
83.8134 72.4252
17.8208 22.1966
49.8525 12.1259
13.8238 36.0443
32.4807 93.1895
90.8485 62.2095
83.6828 81.8128
49.6074 33.4972
39.4327 65.8831
60.8883 25.8906
15.1230 7.2545
10.7848 64.7207
36.3598 28.8270
33.1386 9.1149
42.7328 93.4495
58.3570 26.5461
65.8747 76.1778
48.7427 15.7272
88.3037 62.5665
51.7715 20.7844
55.7561 42.6199
82.9939 39.4388
24.4327 32.6013
72.9360 63.8654
98.4845 33.8243
89.7560 13.6075
41.0788 0.5409
78.3282 77.4386
29.3678 11.4668
86.5535 72.1006
4.9162 44.9105
98.6467 70.7909
21.0883 47.3894
86.5181 9.3920
9.9559 38.2896
30.1763 65.7120
80.9095 13.1702
5.1508 5.3422
45.7716 78.0868
69.2076 44.2560
11.9111 58.9637
57.8635 52.9899
59.5045 36.1917
30.4285 88.8723
47.6585 16.9820
60.9729 52.5747
61.8925 59.6196
23.3656 82.9808
7.0090 9.8837
92.3728 16.9650
48.1733 22.5491
82.6769 29.0829
35.7193 87.8278
34.4251 81.4909
65.9146 3.6327
25.7469 77.8257
62.5964 83.6104
30.8157 22.1009
19.8021 61.2442
10.9733 67.4605
78.2262 71.9462
20.0352 40.1188
31.5658 43.4009
23.0996 38.5748
53.2846 15.4724
55.5398 1.4579
38.0215 38.2167
30.5408 73.7408
26.0445 64.9659
55.2316 91.9591
68.5986 80.9785
69.7848 31.1950
64.5889 0.6005
53.2960 84.3910
61.8447 64.2693
51.8515 40.0709
36.2154 71.8867
80.1897 67.7812
15.2876 3.2893
6.3561 68.5722
18.7616 61.8958
70.0301 56.7831
0.1125 0.5709
30.5239 26.1570
65.5368 85.7555
18.1161 34.1354
66.7341 87.9009
65.3305 31.3230
88.5014 18.6265
15.7139 50.3461
82.8957 67.5654
90.4170 19.1112
39.4521 70.6067
86.8924 54.7397
73.8959 93.2485
23.3119 92.6576
55.1443 93.3420
49.4407 55.2568
93.9129 79.9646
81.4139 59.4497
65.7201 99.5300
93.5852 32.4541
87.4309 58.9157
63.7771 75.9324
77.5421 79.4910
26.2785 60.4379
47.0564 16.6955
79.5490 86.5086
87.3021 66.4414
41.2483 61.1981
59.6899 64.5601
53.8557 14.8342
57.9022 3.2963
70.0910 51.8151
83.2609 51.5049
11.2648 48.9810
51.0349 4.8500
81.4351 38.4658
63.7656 45.2122
14.3982 41.3078
24.7033 40.6767
1.7457 71.7597
57.3721 81.2947
58.2682 44.6743
47.7361 99.5165
5.8723 7.4260
64.0766 59.7280
22.2602 21.9788
63.0243 92.3513
73.7939 46.2852
43.8562 85.0586
95.2662 94.8911
89.9086 76.7014
33.3569 53.6742
21.9136 47.7551
94.9820 46.6169
88.4318 96.7277
18.3765 45.8039
78.0224 76.6448
90.4782 25.7585
76.1612 96.3505
33.1846 40.2379
56.0785 55.4448
62.2167 19.1028
47.7961 36.0105
65.3880 91.6523
21.0692 60.6542
86.5434 10.9778
37.3556 19.9003
64.6520 59.2692
67.6554 59.6341
5.8860 56.0872
56.3617 24.2626
1.8911 34.3841
0.9073 92.3692
60.1427 77.0686
88.7197 93.3273
17.3065 44.7982
48.7721 79.5231
63.9009 96.5682
15.5336 29.2889
88.2204 36.6028
89.9431 74.7638
47.5806 27.2987
94.6640 12.2326
86.5679 62.3194
71.8666 92.4540
18.4066 28.2284
16.7165 20.2977
62.6125 17.6239
12.6669 22.7552
94.6925 1.3866
16.0824 11.9989
46.1848 64.8545
91.5221 10.0857
61.4227 7.0557
39.3746 49.6431
43.6585 29.3177
24.4069 91.2391
56.6164 19.0709
3.4716 43.1844
81.3904 75.3383
35.6383 99.7970
3.5666 52.3548
20.0947 66.1792
69.9787 32.7616
88.9343 64.6712
34.1482 5.0168
76.6701 80.3330
69.8713 68.1922
90.4187 31.2940
75.2479 29.7933
80.9371 18.9064
59.1111 5.3439
10.1454 15.7275
24.4149 13.6171
58.9119 5.8052
88.9553 94.5502
5.6022 92.5220
46.9050 25.6969
58.7011 16.8837
58.4585 47.6355
81.5549 92.6068
52.6523 58.2250
72.9398 22.5236
26.4172 63.3585
53.8175 1.6651
93.1518 34.7546
20.5714 52.2629
40.0985 30.7168
67.9904 64.5134
44.3339 26.9022
70.3186 33.2892
21.4524 75.9208
25.8112 68.3574
1.6177 84.5123
85.2411 60.0763
32.1478 66.7960
52.6830 84.8000
25.0210 25.6228
7.3236 51.4382
88.9813 61.1411
53.1033 82.1331
95.8957 73.6747
34.3959 35.9942
4.3915 2.3863
0.5076 48.7254
29.2886 70.8262
82.0146 50.7410
46.7471 7.8258
19.0984 48.3648
92.3381 4.3395
8.4411 24.4858
71.1355 61.1241
9.2858 96.1565
86.7469 16.6094
47.5947 75.7282
77.7505 0.6980
57.8613 73.6462
74.3727 92.2572
9.6404 78.7642
94.6435 10.1480
27.4897 23.9321
80.9743 9.5043
74.6730 27.7214
17.3301 93.7714
76.0862 9.6681
98.1109 84.5273
34.1540 69.2463
45.6514 43.4398
65.4029 32.3983
60.0492 12.9976
8.1265 37.7997
13.6956 65.9878
11.4459 88.0683
58.2450 21.0863
66.8326 52.8885
31.2343 94.3222
76.8206 12.2086
3.8265 51.4936
39.9300 21.1565
45.2650 16.0162
30.8247 43.3758
0.5435 64.9787
12.6222 46.1949
8.4185 78.0251
78.5932 68.4677
91.0227 86.7197
6.2674 4.7183
52.7075 17.7133
92.7866 10.9525
38.7996 59.6191
63.8409 70.0340
53.9413 40.6615
82.2426 57.7678
92.1551 22.1726
78.9244 37.4201
38.1888 9.7491
80.7959 38.7323
74.7277 93.4181
84.9272 83.1462
71.4432 63.5204
51.6139 62.4658
50.2401 57.8813
67.1841 2.9476
75.5945 59.9707
13.9001 14.3942
19.5898 77.7410
84.4281 73.5311
18.4025 66.6707
31.2990 10.5576
88.8433 10.2233
47.9777 27.0321
19.9724 28.7736
65.7643 94.7001
22.1918 50.6915
77.8463 93.6349
14.2119 29.4601
56.1007 64.4520
87.3414 23.2848
67.3996 62.9359
83.2555 81.2997
77.3301 2.8453
59.0407 61.7582
76.3764 77.4432
28.4289 7.6753
88.0009 17.2722
17.8987 35.9786
44.3043 37.8710
64.7522 10.0686
32.5711 86.9440
60.7600 10.4174
80.5789 74.9719
39.8775 36.6796
39.4239 27.2189
59.9644 6.8235
90.1549 43.2199
88.1232 67.4850
46.0652 47.1639
29.2432 22.4415
24.6071 57.6721
30.1169 12.6080
74.9443 48.0156
48.5866 19.2486
85.8866 13.3388
29.3171 18.4577
0.2828 90.0772
28.8752 80.8617
65.0491 68.7527
17.5413 4.4729
95.9716 77.5058
11.2964 86.1265
20.7257 99.4196
53.6115 66.7908
46.5835 82.8546
89.2324 71.1906
40.5267 19.3493
83.7986 15.4711
67.3648 32.3852
34.7196 53.2514
45.7240 64.0368
71.7092 46.0067
54.1140 0.5843
26.8684 19.1630
69.3370 44.4097
23.6360 65.3087
21.9155 34.9324
51.4352 42.6412
34.3520 5.0466
9.4320 80.9355
87.9013 98.6644
52.1261 28.4280
18.0136 35.9247
43.8990 85.3785
68.3098 78.6187
38.6299 14.0338
42.6555 10.3390
60.0405 96.7694
10.9233 86.9090
15.9324 80.2604
31.3187 39.5684
45.5690 53.2342
74.5008 97.0042
95.8753 8.8528
2.0508 5.3073
89.7883 89.9521
3.9717 41.9144
18.3801 21.9853
77.8391 62.2791
7.3638 46.1489
40.8978 45.9937
60.1827 83.5533
56.3327 20.2232
80.3227 67.2560
7.1322 96.2551
47.5164 38.4509
35.8235 93.0854
91.6851 10.3244
90.0896 87.5604
19.1772 92.1405
92.8678 8.9655
82.0926 96.8395
50.8799 0.4727
18.8248 28.7189
62.7518 26.1886
74.8678 3.6496
72.1822 35.0505
87.2028 28.5149
55.2738 67.5255
95.7709 62.4060
63.7806 43.2873
0.8569 99.6042
36.3727 92.5420
9.9285 26.4624
80.1024 29.1057
18.6029 72.9702
38.0712 0.6954
69.8096 88.9511
1.1681 88.6344
17.6700 63.9199
14.8230 92.5379
67.5694 87.0053
27.5884 54.7723
15.5202 82.8622
22.2978 11.2911
45.2681 86.0784
54.5784 46.1250
85.6826 90.9512
38.6669 95.6111
17.4136 18.7693
24.7168 36.0164
91.7395 62.7880
36.7118 61.5491
51.7391 37.8799
50.1835 69.4091
1.7998 65.0066
61.9470 69.3692
52.0118 89.5354
24.1415 67.5320
72.3975 46.4393
78.8231 17.6656
32.5177 33.4016
63.7906 18.2003
24.3528 2.4575
13.8114 41.7663
21.2269 38.5282
77.7828 12.9663
1.3161 14.4946
74.5154 53.0552
52.3745 24.6990
22.4643 54.1743
89.7055 84.4113
23.5435 41.7174
73.9467 47.6850
9.2494 46.3442
94.1243 88.0725
64.0098 26.6420
21.4741 27.8005
44.8423 45.8269
30.2580 58.6537
87.5932 51.4849
97.1818 65.3760
64.4512 98.4980
79.8706 38.9667
51.5532 32.2451
63.6656 74.0175
86.4194 53.3712
58.4288 9.9629
95.0885 32.3755
57.6479 4.3379
78.7197 51.7722
92.4104 42.7295
78.4142 13.8845
70.5300 23.2565
59.7114 0.7880
81.9102 47.3045
52.2729 79.0920
12.6805 16.7241
77.5899 92.5511
55.6908 29.1431
24.7962 19.3564
3.1606 11.2157
72.7276 61.5894
21.1786 67.8161
93.9649 78.8265
72.1540 72.6846
30.5987 64.5644
15.4141 9.0130
78.4489 85.9441
32.2695 38.1603
86.7321 14.1796
85.4648 39.0050
93.2716 98.1453
55.7291 70.8616
90.6964 11.4199
0.0047 15.4927
30.7763 3.1653
26.7083 3.5039
64.7548 47.8869
71.3200 58.7197
26.7134 43.4740
31.4043 57.3122
8.0384 46.8185
66.3252 86.4873
32.7626 98.5946
24.6476 19.4948
12.7743 10.1124
58.4998 6.0459
8.2577 14.2289
76.9074 98.9541
25.6489 76.9121
14.4468 56.4252
80.0775 41.1551
59.9291 44.8322
89.0420 31.2491
3.5519 15.7555
74.7231 34.9562
73.0677 82.7615
81.7747 39.3928
69.2488 14.5373
37.9874 93.8963
34.0321 50.7617
4.0087 92.5318
56.8076 12.2664
6.7608 33.7150
11.2205 32.4096
10.6272 25.6673
88.8348 90.7046
66.8224 48.7639
35.5369 55.8645
80.0129 39.0888
71.6199 54.7360
74.0450 44.6876
37.4975 55.8198
84.0804 6.7462
70.3571 22.0679
0.6426 4.3891
72.8296 4.6513
96.9210 29.6372
16.9177 3.6818
63.3522 28.1382
36.0914 73.9794
53.8055 24.9262
64.6840 20.6280
73.6901 0.2209
76.4925 53.7030
39.3097 48.1124
8.4390 13.3548
92.8000 45.9365
69.1745 76.8804
52.6827 39.5316
98.9483 53.3253
43.9207 71.7778
57.9765 40.8417
1.4150 74.8942
44.5235 64.7672
3.0324 80.6149
38.7466 56.8379
5.5411 3.4307
77.4659 79.2311
3.6516 53.9584
32.9342 42.9613
2.0708 41.3732
56.3161 94.8708
87.3097 25.4906
71.7512 39.9924
65.0222 70.6995
93.3176 8.9430
42.4774 51.2941
49.7847 43.8924
26.1883 94.3081
8.6596 29.2207
74.9230 47.4063
86.0587 80.4641
50.8369 63.5246
59.6952 54.4885
17.4830 92.6294
97.4499 19.5538
34.0026 53.7660
14.4246 21.3122
79.2566 86.1759
61.3046 44.2789
56.8754 54.6222
53.2218 99.3528
5.9163 3.0065
43.2452 32.1047
97.3147 51.9048
61.3254 72.2377
99.3110 47.3841
52.7017 50.1480
10.9087 12.3969
4.6365 28.3917
5.0263 2.0864
47.9455 39.0289
55.8524 62.3701
60.3411 35.1090
48.5460 21.6457
79.3879 5.4214
76.2679 32.6097
4.7742 82.1842
35.6162 48.0193
14.2889 32.9309
99.9241 75.6143
5.1685 99.2352
22.9984 57.8702
49.3831 33.9071
70.2672 54.0197
62.2988 75.2935
56.1060 10.2443
14.3224 11.9584
72.6144 74.6635
47.0674 21.1604
96.3092 26.4553
26.5818 72.5771
59.0649 31.3560
54.7613 94.6811
79.3753 69.0502
27.6120 79.2995
44.6645 32.7805
78.5346 67.6628
90.6508 27.9178
1.5699 60.9179
81.9374 63.8687
36.2115 38.0434
74.1130 50.5339
50.0019 46.7274
25.1974 97.0693
67.8878 21.5066
23.5245 94.4697
94.0837 82.5895
25.8257 48.8450
77.2706 5.2010
17.8952 4.8826
84.5005 62.5596
37.6631 63.0351
30.2225 28.3138
90.9529 31.7924
89.2318 72.8903
95.6611 25.4432
10.9337 69.7741
75.9771 60.9356
16.5015 1.1745
58.0048 84.3894
22.6811 81.5294
78.8590 16.7648
64.1188 4.6847
65.6098 41.3894
9.8858 83.5050
46.2720 94.3863
46.0646 83.9351
57.4214 76.2871
12.2489 48.3742
8.0795 1.4807
21.2645 3.7406
26.9239 32.1982
73.5147 2.9011
93.1338 90.0163
4.0756 51.1386
74.4056 26.7567
32.6680 53.2647
43.5216 96.7868
57.9494 9.1314
38.1762 67.8351
92.6364 84.4482
62.2214 38.7011
68.3833 19.6428
14.9882 80.6322
68.0170 23.0677
82.1129 89.2815
26.8084 9.0368
21.4797 0.3231
11.9379 14.6135
90.3394 16.0135
65.7522 64.7450
42.7702 98.4202
18.0096 86.2918
95.2070 75.9590
95.4232 33.3832
43.7942 88.0596
17.8314 6.0156
26.7607 86.2147
25.6583 41.7489
66.8469 93.6754
64.8167 48.9597
82.9569 91.6250
57.9965 4.4366
91.9481 69.9344
19.0501 82.2875
85.9479 84.8023
47.0325 28.7181
83.2225 65.0421
15.0099 78.4295
41.0011 10.4331
11.8126 84.7953
98.4927 29.6440
90.8109 25.2535
15.8587 16.4692
67.0024 82.7056
10.1446 31.8191
31.6653 93.1014
23.4441 89.6618
97.5380 15.3923
59.5963 16.5882
97.6798 45.5442
1.3905 44.7123
74.2623 84.6130
9.7544 89.2721
63.0424 50.7555
99.7052 74.8551
35.5508 98.1980
4.4991 26.3617
23.4514 20.3578
42.8309 90.4539
3.0634 52.9754
22.2729 34.7287
46.0768 45.7171
24.3905 43.6149
61.1093 83.9868
60.2030 58.7891
29.5309 61.5935
3.5014 3.7932
46.2065 13.2558
93.0653 9.2489
64.0113 92.7706
84.1040 99.5620
90.9686 88.6031
25.9237 14.4200
8.9609 68.7546
4.8739 12.0243
21.7300 27.1468
46.7529 67.8068
72.8638 71.1434
11.4216 33.9732
55.1302 71.6247
92.7623 84.6611
33.2182 96.2637
88.4543 79.4247
9.5194 81.5197
88.6736 73.5307
74.2903 72.7776
73.0928 65.2588
61.3807 99.0165
79.6788 70.3416
67.7710 84.5527
82.3659 89.5010
11.6995 29.1188
57.3077 84.5633
0.2623 68.7294
18.5365 55.3925
40.3541 11.2988
40.0536 73.5723
7.5625 28.5080
52.9970 17.0819
10.0276 41.6706
90.6126 84.3179
14.4482 63.7054
49.5767 75.8290
62.7219 29.2555
46.1706 30.4929
13.8082 28.5365
19.9938 25.5076
57.6553 77.3016
10.0709 57.9176
46.0309 28.6074
13.3100 86.3850
39.9062 53.3636
59.9573 47.4687
81.8716 12.9542
64.5506 91.8992
54.6248 55.1633
76.2171 69.0731
18.8687 25.7939
44.9020 81.5905
55.0494 91.0726
12.0834 68.8576
19.6091 32.0772
94.3652 77.2644
9.3788 4.4362
35.1819 55.4097
33.0436 48.4919
41.7947 72.9499
1.8556 1.7520
20.4186 83.7272
14.7062 84.9692
75.6264 69.3311
40.1325 51.8436
38.4041 59.0012
77.6374 83.3062
40.5917 32.6868
74.3788 52.6751
1.5444 93.9879
84.7523 95.9096
71.2522 94.1311
0.3458 6.4342
49.5408 33.3894
54.9261 91.3355
6.3393 56.7817
93.0875 26.7578
40.5089 7.7937
11.7271 16.1353
77.1248 51.8596
67.9788 15.5289
10.8608 45.6162
98.8351 51.4525
78.3030 73.2138
4.1276 79.8474
67.2017 88.8799
75.7571 38.4539
83.0110 76.1029
44.8881 32.5518
9.4923 99.8142
23.8873 15.8316
56.5959 16.9748
42.5894 97.1047
24.7685 54.3165
13.2400 1.8933
6.1761 81.2189
17.4222 17.0368
26.8351 16.2572
68.4893 5.1382
89.4711 72.6169
84.9856 56.6728
61.4968 60.7427
95.1267 44.5079
36.8455 40.0148
77.0597 46.3378
39.8290 0.9470
62.1694 96.4248
17.9218 4.7588
93.5296 42.6904
59.0753 6.7696
44.5836 65.2514
87.9885 62.0058
82.2882 14.8236
78.2631 50.7775
19.9617 67.7342
23.3944 4.9473
24.4069 84.8912
65.6900 19.5336
29.3991 2.5355
59.5484 6.4588
48.8733 99.3774
7.4058 11.0427
95.8022 25.3276
15.8015 89.3318
68.0180 74.8768
96.1014 12.6016
40.1282 84.0899
74.6075 22.4164
98.9134 52.8705
73.1938 18.8752
20.6047 96.5882
23.8225 45.0117
81.4794 89.5125
64.5453 10.8785
92.0480 24.0937
17.3373 40.9213
23.4711 24.7431
51.9640 19.2734
50.0707 67.7655
ZZ 0
