45
1.5 -5 2 -1.5
2 -7 7 -2
2 0 0 0
1 -999999 -999999 -1000000
1 -999998 -1999999 -1000000
504 355124 -138927 -526635
-774 542075 -192884 268800
830 -155859 -34213 34780
-796 -38915 -33201 35280
-401 66772 -35038 139772
-762 336655 403090 213969
76 60375 145257 254232
-468 358840 88019 730951
691 94171 119104 -68310
-970 -430853 -77769 -424908
-2256 -95864 -44176 106176
-3312 240930 -412758 178920
-712 9789 -28610 -33072
-1911 -4965 -357 2697
-4752 297474 -174000 -167400
8463 -590678 -122603 95410
855 -15915 -61350 -51480
-1225 15190 26692 10472
-4930 -303126 471384 72576
-576 -19248 -59496 -13680
1 -75 1875 -15625
1 -0 0 -0
1 -96 3072 -32768
1 39 507 2197
1 78 2028 17576
1 -105 3675 -42875
1 78 2028 17576
1 -294 28812 -941192
1 138 6348 97336
1 282 26508 830584
121 -5533 -31697 -42891
1444 33364 118716 115596
6561 -150093 -340904 -184900
841 15834 78705 117612
1156 97172 5713 84
529 -15962 -66880 -65824
5476 85544 -226688 139392
3481 295531 -30081 765
6241 217013 -49689 2835
484 -41624 -84700 -42592
